  0.1191	  0.1191	 -0.1818	 -2.8285	  1.0000
  0.2331	  0.1191	 -0.1047	 -2.6727	  0.0000
  0.3471	  0.1191	 -0.1548	 -2.7976	  0.0000
  0.4610	  0.1191	 -0.1928	 -2.9493	  1.0000
  0.5750	  0.1191	 -0.4511	 -3.0657	  0.0000
  0.6890	  0.1191	 -0.1690	 -3.0816	  1.0000
  0.8029	  0.1191	 -0.2267	 -3.2174	  0.0000
  0.9169	  0.1191	 -0.1474	 -3.1353	  0.0000
  1.0309	  0.1191	 -0.1137	 -3.1345	  0.0000
  1.1448	  0.1191	 -0.1806	 -3.1254	  0.0000
  1.2588	  0.1191	 -0.1762	 -3.0276	  0.0000
  1.3728	  0.1191	 -0.0820	 -2.9997	  0.0000
  1.4867	  0.1191	  0.1127	 -3.0193	  1.0000
  1.6007	  0.1191	  0.1476	 -3.0012	  1.0000
  1.7147	  0.1191	  0.1607	 -2.9936	  1.0000
  1.8286	  0.1191	  0.1604	 -2.9965	  1.0000
  1.9426	  0.1191	  0.1772	 -2.9951	  1.0000
  2.0566	  0.1191	  0.2143	 -3.0007	  1.0000
  2.1705	  0.1191	  0.4624	 -3.0809	  0.0000
  2.2845	  0.1191	  0.5132	 -3.0922	  0.0000
  2.3985	  0.1191	  0.1118	 -2.8491	  1.0000
  2.5124	  0.1191	  0.0299	 -2.7807	  1.0000
  2.6264	  0.1191	 -0.0729	 -2.7243	  1.0000
  2.7404	  0.1191	 -0.1045	 -2.7475	  1.0000
  2.8543	  0.1191	 -0.1176	 -2.8214	  1.0000
  2.9683	  0.1191	 -0.1029	 -2.8921	  1.0000
  3.0823	  0.1191	  0.0268	 -3.3202	  0.0000
  3.1962	  0.1191	  0.0585	 -3.1590	  0.0000
  3.3102	  0.1191	  0.1610	 -3.1364	  0.0000
  3.4242	  0.1191	  0.1043	 -3.1167	  0.0000
  3.5381	  0.1191	 -0.0014	 -3.0789	  0.0000
  3.6521	  0.1191	 -0.1080	 -2.9602	  0.0000
  3.7661	  0.1191	 -0.1099	 -2.8580	  0.0000
  3.8800	  0.1191	 -0.0007	 -2.9111	  0.0000
  3.9940	  0.1191	  0.0712	 -3.0189	  0.0000
  4.1080	  0.1191	 -0.0291	 -3.0390	  0.0000
  4.2219	  0.1191	 -0.3200	 -2.9194	  0.0000
  4.3359	  0.1191	 -0.1123	 -2.7984	  1.0000
  4.4499	  0.1191	 -0.0500	 -2.6029	  0.0000
  4.5638	  0.1191	 -0.0187	 -2.7342	  0.0000
  4.6778	  0.1191	  0.0116	 -2.8946	  1.0000
  4.7918	  0.1191	  0.0453	 -2.9697	  1.0000
  4.9057	  0.1191	  0.0592	 -3.0125	  1.0000
  5.0197	  0.1191	  0.0612	 -3.0254	  1.0000
  5.1337	  0.1191	  0.0399	 -3.0073	  1.0000
  0.1191	  0.2331	 -0.1838	 -2.8270	  1.0000
  0.2331	  0.2331	 -0.1869	 -2.8610	  1.0000
  0.3471	  0.2331	 -0.1930	 -2.9017	  1.0000
  0.4610	  0.2331	 -0.1842	 -2.9658	  1.0000
  0.5750	  0.2331	 -0.1748	 -3.0343	  1.0000
  0.6890	  0.2331	 -0.1447	 -3.0885	  1.0000
  0.8029	  0.2331	 -0.1151	 -3.1231	  1.0000
  0.9169	  0.2331	 -0.0683	 -3.1576	  0.0000
  1.0309	  0.2331	 -0.0613	 -3.1655	  0.0000
  1.1448	  0.2331	 -0.1172	 -3.2220	  0.0000
  1.2588	  0.2331	  0.0348	 -3.0715	  1.0000
  1.3728	  0.2331	  0.0789	 -3.0415	  1.0000
  1.4867	  0.2331	  0.1294	 -3.0101	  1.0000
  1.6007	  0.2331	  0.1649	 -3.0001	  1.0000
  1.7147	  0.2331	  0.1740	 -2.9910	  1.0000
  1.8286	  0.2331	  0.1693	 -2.9917	  1.0000
  1.9426	  0.2331	  0.1737	 -2.9886	  1.0000
  2.0566	  0.2331	  0.1903	 -2.9893	  1.0000
  2.1705	  0.2331	  0.1551	 -2.9506	  1.0000
  2.2845	  0.2331	  0.4807	 -3.0672	  0.0000
  2.3985	  0.2331	  0.0678	 -2.8331	  1.0000
  2.5124	  0.2331	 -0.0107	 -2.7581	  1.0000
  2.6264	  0.2331	 -0.0975	 -2.7064	  1.0000
  2.7404	  0.2331	 -0.1277	 -2.7199	  1.0000
  2.8543	  0.2331	 -0.1346	 -2.7794	  1.0000
  2.9683	  0.2331	 -0.1105	 -3.0532	  0.0000
  3.0823	  0.2331	 -0.1334	 -3.0888	  0.0000
  3.1962	  0.2331	 -0.0233	 -2.9569	  1.0000
  3.3102	  0.2331	  0.0558	 -3.0538	  0.0000
  3.4242	  0.2331	 -0.0077	 -2.9904	  1.0000
  3.5381	  0.2331	 -0.2066	 -3.1289	  0.0000
  3.6521	  0.2331	 -0.2022	 -2.9514	  0.0000
  3.7661	  0.2331	 -0.1973	 -2.8964	  0.0000
  3.8800	  0.2331	 -0.1645	 -2.9136	  0.0000
  3.9940	  0.2331	 -0.1116	 -2.9289	  1.0000
  4.1080	  0.2331	 -0.0824	 -3.1160	  0.0000
  4.2219	  0.2331	 -0.1112	 -2.8289	  1.0000
  4.3359	  0.2331	 -0.1353	 -2.6171	  0.0000
  4.4499	  0.2331	 -0.1181	 -2.5894	  0.0000
  4.5638	  0.2331	 -0.0398	 -2.8246	  1.0000
  4.6778	  0.2331	  0.1650	 -3.1155	  0.0000
  4.7918	  0.2331	  0.1886	 -3.0914	  0.0000
  4.9057	  0.2331	  0.0403	 -2.9948	  1.0000
  5.0197	  0.2331	  0.0440	 -3.0097	  1.0000
  5.1337	  0.2331	  0.0288	 -2.9991	  1.0000
  0.1191	  0.3471	 -0.2096	 -2.8206	  1.0000
  0.2331	  0.3471	 -0.2084	 -2.8563	  1.0000
  0.3471	  0.3471	 -0.2098	 -2.8957	  1.0000
  0.4610	  0.3471	 -0.1928	 -2.9637	  1.0000
  0.5750	  0.3471	 -0.1789	 -3.0277	  1.0000
  0.6890	  0.3471	 -0.1412	 -3.0840	  1.0000
  0.8029	  0.3471	 -0.1153	 -3.1684	  0.0000
  0.9169	  0.3471	 -0.0308	 -3.1649	  0.0000
  1.0309	  0.3471	 -0.0117	 -3.1282	  0.0000
  1.1448	  0.3471	  0.0012	 -3.1033	  0.0000
  1.2588	  0.3471	  0.1187	 -3.1385	  0.0000
  1.3728	  0.3471	  0.3209	 -3.0323	  0.0000
  1.4867	  0.3471	  0.1433	 -2.9952	  1.0000
  1.6007	  0.3471	  0.1741	 -2.9824	  1.0000
  1.7147	  0.3471	  0.1788	 -2.9730	  1.0000
  1.8286	  0.3471	  0.1679	 -2.9737	  1.0000
  1.9426	  0.3471	  0.1611	 -2.9709	  1.0000
  2.0566	  0.3471	 -0.0231	 -3.0783	  0.0000
  2.1705	  0.3471	  0.1228	 -2.9341	  1.0000
  2.2845	  0.3471	  0.0799	 -2.8855	  1.0000
  2.3985	  0.3471	  0.0325	 -2.8141	  1.0000
  2.5124	  0.3471	 -0.0439	 -2.7378	  1.0000
  2.6264	  0.3471	 -0.1569	 -2.5172	  0.0000
  2.7404	  0.3471	 -0.2548	 -2.4749	  0.0000
  2.8543	  0.3471	 -0.2155	 -2.5989	  0.0000
  2.9683	  0.3471	 -0.0479	 -2.8993	  0.0000
  3.0823	  0.3471	 -0.1142	 -2.9779	  0.0000
  3.1962	  0.3471	 -0.1418	 -2.8922	  0.0000
  3.3102	  0.3471	 -0.0289	 -2.8486	  0.0000
  3.4242	  0.3471	  0.1403	 -2.9839	  0.0000
  3.5381	  0.3471	 -0.0377	 -2.9898	  1.0000
  3.6521	  0.3471	  0.0337	 -3.0608	  0.0000
  3.7661	  0.3471	 -0.1575	 -2.9634	  0.0000
  3.8800	  0.3471	 -0.1788	 -2.8972	  0.0000
  3.9940	  0.3471	 -0.1005	 -2.9291	  1.0000
  4.1080	  0.3471	 -0.1091	 -2.8767	  1.0000
  4.2219	  0.3471	 -0.1156	 -2.8190	  1.0000
  4.3359	  0.3471	 -0.1872	 -2.6650	  0.0000
  4.4499	  0.3471	 -0.1984	 -2.7292	  0.0000
  4.5638	  0.3471	 -0.0579	 -2.8132	  1.0000
  4.6778	  0.3471	 -0.0248	 -2.8688	  1.0000
  4.7918	  0.3471	  0.1399	 -3.1736	  0.0000
  4.9057	  0.3471	  0.0209	 -2.9785	  1.0000
  5.0197	  0.3471	  0.0255	 -2.9945	  1.0000
  5.1337	  0.3471	  0.0144	 -2.9883	  1.0000
  0.1191	  0.4610	 -0.0833	 -2.7128	  0.0000
  0.2331	  0.4610	 -0.2445	 -2.8585	  1.0000
  0.3471	  0.4610	 -0.2408	 -2.8981	  1.0000
  0.4610	  0.4610	 -0.2140	 -2.9745	  1.0000
  0.5750	  0.4610	 -0.0639	 -3.1318	  0.0000
  0.6890	  0.4610	 -0.0290	 -3.2139	  0.0000
  0.8029	  0.4610	 -0.0990	 -3.1087	  1.0000
  0.9169	  0.4610	  0.0484	 -3.1163	  0.0000
  1.0309	  0.4610	 -0.0061	 -3.1161	  1.0000
  1.1448	  0.4610	  0.0161	 -3.0775	  0.0000
  1.2588	  0.4610	  0.1714	 -3.0237	  0.0000
  1.3728	  0.4610	  0.1366	 -3.0156	  1.0000
  1.4867	  0.4610	  0.1765	 -2.9775	  1.0000
  1.6007	  0.4610	  0.1987	 -2.9558	  1.0000
  1.7147	  0.4610	  0.2128	 -2.9371	  0.0000
  1.8286	  0.4610	  0.3570	 -3.0955	  0.0000
  1.9426	  0.4610	  0.1237	 -2.9469	  1.0000
  2.0566	  0.4610	  0.0866	 -2.9490	  1.0000
  2.1705	  0.4610	  0.0354	 -2.9136	  1.0000
  2.2845	  0.4610	 -0.0117	 -2.8654	  1.0000
  2.3985	  0.4610	 -0.0596	 -2.7913	  1.0000
  2.5124	  0.4610	 -0.1164	 -2.7044	  1.0000
  2.6264	  0.4610	 -0.1701	 -2.6480	  1.0000
  2.7404	  0.4610	 -0.3058	 -2.4406	  0.0000
  2.8543	  0.4610	 -0.2063	 -2.6785	  1.0000
  2.9683	  0.4610	 -0.1896	 -2.7135	  1.0000
  3.0823	  0.4610	 -0.0558	 -2.7852	  0.0000
  3.1962	  0.4610	  0.0102	 -2.7143	  0.0000
  3.3102	  0.4610	 -0.0067	 -2.7139	  0.0000
  3.4242	  0.4610	 -0.0594	 -2.8423	  0.0000
  3.5381	  0.4610	  0.0670	 -3.0934	  0.0000
  3.6521	  0.4610	  0.0397	 -3.1355	  0.0000
  3.7661	  0.4610	 -0.0989	 -3.0248	  0.0000
  3.8800	  0.4610	 -0.1544	 -2.9494	  0.0000
  3.9940	  0.4610	 -0.0946	 -2.9358	  1.0000
  4.1080	  0.4610	 -0.1157	 -2.8693	  1.0000
  4.2219	  0.4610	 -0.0514	 -2.8830	  0.0000
  4.3359	  0.4610	 -0.1405	 -2.7268	  0.0000
  4.4499	  0.4610	 -0.1133	 -2.6858	  0.0000
  4.5638	  0.4610	 -0.0851	 -2.7954	  1.0000
  4.6778	  0.4610	 -0.0527	 -2.8549	  1.0000
  4.7918	  0.4610	 -0.0177	 -2.9238	  1.0000
  4.9057	  0.4610	 -0.0053	 -2.9601	  1.0000
  5.0197	  0.4610	 -0.0016	 -2.9755	  1.0000
  5.1337	  0.4610	 -0.0124	 -2.9694	  1.0000
  0.1191	  0.5750	 -0.4111	 -2.6372	  0.0000
  0.2331	  0.5750	 -0.2622	 -2.8540	  1.0000
  0.3471	  0.5750	 -0.2654	 -2.8941	  1.0000
  0.4610	  0.5750	 -0.2372	 -2.9655	  1.0000
  0.5750	  0.5750	 -0.2088	 -3.0081	  1.0000
  0.6890	  0.5750	 -0.1616	 -3.0563	  1.0000
  0.8029	  0.5750	 -0.1038	 -3.0837	  1.0000
  0.9169	  0.5750	  0.0759	 -3.2185	  0.0000
  1.0309	  0.5750	  0.0115	 -3.0805	  1.0000
  1.1448	  0.5750	  0.0718	 -3.0610	  1.0000
  1.2588	  0.5750	  0.1215	 -3.0152	  1.0000
  1.3728	  0.5750	  0.1809	 -2.9638	  1.0000
  1.4867	  0.5750	  0.2239	 -2.9169	  1.0000
  1.6007	  0.5750	  0.2415	 -2.8959	  1.0000
  1.7147	  0.5750	  0.2250	 -2.8845	  1.0000
  1.8286	  0.5750	  0.1824	 -2.8935	  1.0000
  1.9426	  0.5750	  0.1151	 -2.9089	  1.0000
  2.0566	  0.5750	  0.0448	 -2.9186	  1.0000
  2.1705	  0.5750	 -0.0156	 -2.8891	  1.0000
  2.2845	  0.5750	 -0.0663	 -2.8451	  1.0000
  2.3985	  0.5750	 -0.1107	 -2.7733	  1.0000
  2.5124	  0.5750	 -0.1762	 -2.6203	  0.0000
  2.6264	  0.5750	 -0.1736	 -2.5611	  0.0000
  2.7404	  0.5750	 -0.3550	 -2.4805	  0.0000
  2.8543	  0.5750	 -0.4494	 -2.5894	  0.0000
  2.9683	  0.5750	 -0.2121	 -2.6580	  1.0000
  3.0823	  0.5750	 -0.1714	 -2.7174	  1.0000
  3.1962	  0.5750	 -0.1231	 -2.5674	  0.0000
  3.3102	  0.5750	 -0.1174	 -2.8224	  1.0000
  3.4242	  0.5750	 -0.0866	 -2.8825	  1.0000
  3.5381	  0.5750	 -0.2035	 -2.9677	  0.0000
  3.6521	  0.5750	  0.0656	 -3.1643	  0.0000
  3.7661	  0.5750	  0.0207	 -3.0803	  0.0000
  3.8800	  0.5750	 -0.0275	 -3.0075	  0.0000
  3.9940	  0.5750	 -0.0507	 -2.9157	  0.0000
  4.1080	  0.5750	 -0.1038	 -2.8631	  1.0000
  4.2219	  0.5750	 -0.1182	 -2.7838	  1.0000
  4.3359	  0.5750	 -0.1839	 -2.7042	  0.0000
  4.4499	  0.5750	 -0.2088	 -2.6284	  0.0000
  4.5638	  0.5750	 -0.1071	 -2.7732	  1.0000
  4.6778	  0.5750	 -0.0888	 -2.8298	  1.0000
  4.7918	  0.5750	 -0.0656	 -2.8950	  1.0000
  4.9057	  0.5750	 -0.0559	 -2.9300	  1.0000
  5.0197	  0.5750	 -0.0371	 -2.9449	  1.0000
  5.1337	  0.5750	 -0.0399	 -2.9449	  1.0000
  0.1191	  0.6890	 -0.4127	 -2.5415	  0.0000
  0.2331	  0.6890	 -0.2464	 -2.8411	  1.0000
  0.3471	  0.6890	 -0.2522	 -2.8794	  1.0000
  0.4610	  0.6890	 -0.4455	 -3.0294	  0.0000
  0.5750	  0.6890	 -0.5043	 -3.0827	  0.0000
  0.6890	  0.6890	 -0.1527	 -3.0057	  1.0000
  0.8029	  0.6890	 -0.0896	 -3.0168	  1.0000
  0.9169	  0.6890	 -0.1283	 -3.2170	  0.0000
  1.0309	  0.6890	 -0.0210	 -3.1221	  0.0000
  1.1448	  0.6890	  0.0675	 -3.1061	  0.0000
  1.2588	  0.6890	  0.0761	 -3.0963	  0.0000
  1.3728	  0.6890	  0.1601	 -3.0121	  0.0000
  1.4867	  0.6890	  0.2501	 -2.8376	  1.0000
  1.6007	  0.6890	  0.2642	 -2.8283	  1.0000
  1.7147	  0.6890	  0.2452	 -2.8283	  1.0000
  1.8286	  0.6890	  0.1989	 -2.8414	  1.0000
  1.9426	  0.6890	  0.1146	 -2.8722	  1.0000
  2.0566	  0.6890	  0.0277	 -2.8959	  1.0000
  2.1705	  0.6890	 -0.3416	 -3.0297	  0.0000
  2.2845	  0.6890	 -0.3712	 -3.0051	  0.0000
  2.3985	  0.6890	 -0.1327	 -2.7025	  0.0000
  2.5124	  0.6890	 -0.1409	 -2.6689	  0.0000
  2.6264	  0.6890	 -0.2706	 -2.5506	  0.0000
  2.7404	  0.6890	 -0.4203	 -2.4341	  0.0000
  2.8543	  0.6890	 -0.2253	 -2.6136	  1.0000
  2.9683	  0.6890	 -0.2145	 -2.6256	  1.0000
  3.0823	  0.6890	 -0.3444	 -2.6500	  0.0000
  3.1962	  0.6890	 -0.1719	 -2.7280	  1.0000
  3.3102	  0.6890	 -0.1590	 -2.7874	  1.0000
  3.4242	  0.6890	 -0.1340	 -2.8591	  1.0000
  3.5381	  0.6890	 -0.1635	 -2.8587	  0.0000
  3.6521	  0.6890	 -0.1067	 -2.9777	  1.0000
  3.7661	  0.6890	  0.0700	 -3.0048	  0.0000
  3.8800	  0.6890	  0.0596	 -3.0573	  0.0000
  3.9940	  0.6890	 -0.0692	 -3.0643	  0.0000
  4.1080	  0.6890	 -0.2131	 -3.0138	  0.0000
  4.2219	  0.6890	 -0.0892	 -2.7725	  1.0000
  4.3359	  0.6890	 -0.2435	 -2.5939	  0.0000
  4.4499	  0.6890	 -0.2705	 -2.5188	  0.0000
  4.5638	  0.6890	 -0.0926	 -2.7510	  1.0000
  4.6778	  0.6890	 -0.0991	 -2.8132	  1.0000
  4.7918	  0.6890	 -0.0941	 -2.8756	  1.0000
  4.9057	  0.6890	 -0.0881	 -2.9083	  1.0000
  5.0197	  0.6890	 -0.0733	 -2.9212	  1.0000
  5.1337	  0.6890	 -0.0711	 -2.9357	  1.0000
  0.1191	  0.8029	 -0.2166	 -2.8126	  1.0000
  0.2331	  0.8029	 -0.2337	 -2.8475	  1.0000
  0.3471	  0.8029	 -0.2440	 -2.8756	  1.0000
  0.4610	  0.8029	 -0.4112	 -2.9270	  0.0000
  0.5750	  0.8029	 -0.4346	 -3.0233	  0.0000
  0.6890	  0.8029	 -0.1448	 -2.9488	  1.0000
  0.8029	  0.8029	 -0.0769	 -2.9424	  1.0000
  0.9169	  0.8029	  0.0018	 -2.9299	  1.0000
  1.0309	  0.8029	 -0.0291	 -3.0969	  0.0000
  1.1448	  0.8029	  0.0524	 -3.0244	  0.0000
  1.2588	  0.8029	  0.1649	 -2.8554	  1.0000
  1.3728	  0.8029	  0.2228	 -2.8079	  1.0000
  1.4867	  0.8029	  0.4127	 -2.7720	  0.0000
  1.6007	  0.8029	  0.5489	 -2.5924	  0.0000
  1.7147	  0.8029	  0.4209	 -2.5759	  0.0000
  1.8286	  0.8029	  0.1841	 -2.7945	  1.0000
  1.9426	  0.8029	  0.0949	 -2.8414	  1.0000
  2.0566	  0.8029	  0.0073	 -2.8799	  1.0000
  2.1705	  0.8029	 -0.0528	 -2.8711	  1.0000
  2.2845	  0.8029	 -0.1031	 -2.8386	  1.0000
  2.3985	  0.8029	 -0.1482	 -2.7837	  1.0000
  2.5124	  0.8029	 -0.1808	 -2.7135	  1.0000
  2.6264	  0.8029	 -0.1951	 -2.6554	  1.0000
  2.7404	  0.8029	 -0.2111	 -2.6236	  1.0000
  2.8543	  0.8029	 -0.2261	 -2.6059	  1.0000
  2.9683	  0.8029	 -0.2226	 -2.6135	  1.0000
  3.0823	  0.8029	 -0.2148	 -2.6569	  1.0000
  3.1962	  0.8029	 -0.2172	 -2.7116	  1.0000
  3.3102	  0.8029	 -0.2182	 -2.7659	  1.0000
  3.4242	  0.8029	 -0.1997	 -2.8390	  1.0000
  3.5381	  0.8029	 -0.1826	 -2.9038	  1.0000
  3.6521	  0.8029	 -0.1627	 -2.9515	  1.0000
  3.7661	  0.8029	 -0.1761	 -3.0500	  0.0000
  3.8800	  0.8029	 -0.0950	 -3.1844	  0.0000
  3.9940	  0.8029	 -0.1057	 -2.9049	  1.0000
  4.1080	  0.8029	 -0.0931	 -2.8363	  1.0000
  4.2219	  0.8029	 -0.0819	 -2.7568	  1.0000
  4.3359	  0.8029	  0.0672	 -2.5678	  0.0000
  4.4499	  0.8029	  0.0352	 -2.5508	  0.0000
  4.5638	  0.8029	 -0.0929	 -2.7435	  1.0000
  4.6778	  0.8029	 -0.3920	 -2.9757	  0.0000
  4.7918	  0.8029	 -0.1080	 -2.8443	  1.0000
  4.9057	  0.8029	 -0.1065	 -2.8731	  1.0000
  5.0197	  0.8029	 -0.0937	 -2.8808	  1.0000
  5.1337	  0.8029	 -0.0914	 -2.8900	  1.0000
  0.1191	  0.9169	  0.0800	 -2.6129	  0.0000
  0.2331	  0.9169	 -0.1913	 -2.8607	  1.0000
  0.3471	  0.9169	 -0.2041	 -2.8823	  1.0000
  0.4610	  0.9169	 -0.1947	 -2.9186	  1.0000
  0.5750	  0.9169	 -0.1658	 -2.9166	  1.0000
  0.6890	  0.9169	 -0.1229	 -2.9101	  1.0000
  0.8029	  0.9169	 -0.0278	 -2.7254	  0.0000
  0.9169	  0.9169	  0.0721	 -2.6706	  0.0000
  1.0309	  0.9169	  0.1199	 -2.6783	  0.0000
  1.1448	  0.9169	  0.2012	 -2.6725	  0.0000
  1.2588	  0.9169	  0.2029	 -2.6593	  0.0000
  1.3728	  0.9169	  0.2994	 -2.6237	  0.0000
  1.4867	  0.9169	  0.2587	 -2.7155	  1.0000
  1.6007	  0.9169	  0.4192	 -2.5474	  0.0000
  1.7147	  0.9169	  0.4123	 -2.5946	  0.0000
  1.8286	  0.9169	  0.1672	 -2.7883	  1.0000
  1.9426	  0.9169	  0.0787	 -2.8492	  1.0000
  2.0566	  0.9169	 -0.0009	 -2.8962	  1.0000
  2.1705	  0.9169	 -0.0574	 -2.8829	  1.0000
  2.2845	  0.9169	 -0.1012	 -2.8574	  1.0000
  2.3985	  0.9169	 -0.1418	 -2.8077	  1.0000
  2.5124	  0.9169	 -0.1643	 -2.7421	  1.0000
  2.6264	  0.9169	 -0.1705	 -2.6773	  1.0000
  2.7404	  0.9169	 -0.1855	 -2.6381	  1.0000
  2.8543	  0.9169	 -0.0028	 -2.5594	  0.0000
  2.9683	  0.9169	 -0.2083	 -2.6117	  1.0000
  3.0823	  0.9169	 -0.2298	 -2.5522	  0.0000
  3.1962	  0.9169	 -0.2087	 -2.6714	  0.0000
  3.3102	  0.9169	 -0.2412	 -2.7511	  1.0000
  3.4242	  0.9169	 -0.2990	 -2.9617	  0.0000
  3.5381	  0.9169	 -0.2428	 -2.8813	  1.0000
  3.6521	  0.9169	 -0.2273	 -2.9270	  1.0000
  3.7661	  0.9169	 -0.1971	 -2.9230	  1.0000
  3.8800	  0.9169	 -0.1735	 -2.9144	  1.0000
  3.9940	  0.9169	 -0.1411	 -2.8740	  1.0000
  4.1080	  0.9169	 -0.1075	 -2.8090	  1.0000
  4.2219	  0.9169	 -0.0827	 -2.7399	  1.0000
  4.3359	  0.9169	  0.2251	 -2.6444	  0.0000
  4.4499	  0.9169	  0.1209	 -2.6687	  0.0000
  4.5638	  0.9169	 -0.0878	 -2.7461	  1.0000
  4.6778	  0.9169	 -0.1060	 -2.8006	  1.0000
  4.7918	  0.9169	 -0.1153	 -2.8341	  1.0000
  4.9057	  0.9169	 -0.1860	 -3.1043	  0.0000
  5.0197	  0.9169	 -0.1072	 -2.8670	  1.0000
  5.1337	  0.9169	 -0.1057	 -2.8661	  1.0000
  0.1191	  1.0309	 -0.1209	 -2.8671	  1.0000
  0.2331	  1.0309	 -0.1340	 -2.8822	  1.0000
  0.3471	  1.0309	 -0.1405	 -2.8973	  1.0000
  0.4610	  1.0309	 -0.1390	 -2.9189	  1.0000
  0.5750	  1.0309	 -0.1128	 -2.9075	  1.0000
  0.6890	  1.0309	 -0.0707	 -2.8833	  1.0000
  0.8029	  1.0309	  0.0151	 -2.7538	  0.0000
  0.9169	  1.0309	  0.1433	 -2.6582	  0.0000
  1.0309	  1.0309	  0.1897	 -2.6220	  0.0000
  1.1448	  1.0309	  0.1498	 -2.7622	  1.0000
  1.2588	  1.0309	  0.3800	 -2.6246	  0.0000
  1.3728	  1.0309	  0.2154	 -2.7169	  1.0000
  1.4867	  1.0309	  0.1361	 -2.5402	  0.0000
  1.6007	  1.0309	  0.2452	 -2.5482	  0.0000
  1.7147	  1.0309	  0.1663	 -2.5872	  0.0000
  1.8286	  1.0309	  0.1295	 -2.8049	  1.0000
  1.9426	  1.0309	  0.0636	 -2.8640	  1.0000
  2.0566	  1.0309	  0.0074	 -2.9074	  1.0000
  2.1705	  1.0309	 -0.0398	 -2.9071	  1.0000
  2.2845	  1.0309	 -0.0744	 -2.8835	  1.0000
  2.3985	  1.0309	 -0.1053	 -2.8374	  1.0000
  2.5124	  1.0309	 -0.1277	 -2.7823	  1.0000
  2.6264	  1.0309	 -0.2322	 -2.6872	  0.0000
  2.7404	  1.0309	 -0.1537	 -2.6545	  1.0000
  2.8543	  1.0309	 -0.1704	 -2.6146	  1.0000
  2.9683	  1.0309	 -0.1843	 -2.6049	  1.0000
  3.0823	  1.0309	 -0.2046	 -2.5118	  0.0000
  3.1962	  1.0309	 -0.2357	 -2.6433	  0.0000
  3.3102	  1.0309	 -0.3952	 -2.7904	  0.0000
  3.4242	  1.0309	 -0.4151	 -2.8088	  0.0000
  3.5381	  1.0309	 -0.2753	 -2.8573	  1.0000
  3.6521	  1.0309	 -0.2711	 -2.8969	  1.0000
  3.7661	  1.0309	 -0.2471	 -2.8818	  1.0000
  3.8800	  1.0309	 -0.3979	 -2.9464	  0.0000
  3.9940	  1.0309	 -0.1920	 -2.8238	  1.0000
  4.1080	  1.0309	  0.0664	 -2.6950	  0.0000
  4.2219	  1.0309	 -0.0972	 -2.7193	  1.0000
  4.3359	  1.0309	 -0.0783	 -2.7141	  1.0000
  4.4499	  1.0309	 -0.0329	 -2.7555	  0.0000
  4.5638	  1.0309	 -0.0796	 -2.7438	  1.0000
  4.6778	  1.0309	 -0.1028	 -2.7861	  1.0000
  4.7918	  1.0309	 -0.1203	 -2.8054	  1.0000
  4.9057	  1.0309	 -0.1245	 -2.8248	  1.0000
  5.0197	  1.0309	 -0.0779	 -2.5802	  0.0000
  5.1337	  1.0309	 -0.1148	 -2.8281	  1.0000
  0.1191	  1.1448	 -0.0821	 -2.8827	  1.0000
  0.2331	  1.1448	 -0.0855	 -2.8946	  1.0000
  0.3471	  1.1448	 -0.0848	 -2.9035	  1.0000
  0.4610	  1.1448	 -0.0831	 -2.9266	  1.0000
  0.5750	  1.1448	 -0.0609	 -2.9100	  1.0000
  0.6890	  1.1448	 -0.0258	 -2.8803	  1.0000
  0.8029	  1.1448	  0.0165	 -2.8405	  1.0000
  0.9169	  1.1448	  0.0599	 -2.8027	  1.0000
  1.0309	  1.1448	  0.1132	 -2.7542	  1.0000
  1.1448	  1.1448	  0.1441	 -2.7381	  1.0000
  1.2588	  1.1448	  0.3997	 -2.7076	  0.0000
  1.3728	  1.1448	  0.1650	 -2.7238	  1.0000
  1.4867	  1.1448	  0.1599	 -2.7251	  1.0000
  1.6007	  1.1448	  0.2034	 -2.6106	  0.0000
  1.7147	  1.1448	  0.0356	 -2.7565	  0.0000
  1.8286	  1.1448	  0.1189	 -3.1107	  0.0000
  1.9426	  1.1448	  0.0326	 -2.9190	  1.0000
  2.0566	  1.1448	 -0.0008	 -2.9534	  1.0000
  2.1705	  1.1448	 -0.0355	 -2.9532	  1.0000
  2.2845	  1.1448	 -0.0577	 -2.9281	  1.0000
  2.3985	  1.1448	 -0.0843	 -2.8759	  1.0000
  2.5124	  1.1448	 -0.0956	 -2.8030	  1.0000
  2.6264	  1.1448	 -0.1076	 -2.7279	  1.0000
  2.7404	  1.1448	 -0.1210	 -2.6592	  1.0000
  2.8543	  1.1448	 -0.2406	 -2.5058	  0.0000
  2.9683	  1.1448	 -0.1590	 -2.5747	  1.0000
  3.0823	  1.1448	 -0.1956	 -2.5898	  1.0000
  3.1962	  1.1448	 -0.2367	 -2.6379	  1.0000
  3.3102	  1.1448	 -0.2372	 -2.7032	  0.0000
  3.4242	  1.1448	 -0.3439	 -2.8281	  0.0000
  3.5381	  1.1448	 -0.2637	 -2.8306	  1.0000
  3.6521	  1.1448	 -0.5406	 -2.9776	  0.0000
  3.7661	  1.1448	 -0.4415	 -3.0165	  0.0000
  3.8800	  1.1448	 -0.2559	 -2.8363	  1.0000
  3.9940	  1.1448	 -0.1274	 -2.5294	  0.0000
  4.1080	  1.1448	 -0.1925	 -2.7637	  1.0000
  4.2219	  1.1448	 -0.1466	 -2.7327	  1.0000
  4.3359	  1.1448	 -0.1213	 -2.7301	  1.0000
  4.4499	  1.1448	 -0.0961	 -2.7176	  1.0000
  4.5638	  1.1448	 -0.0869	 -2.7211	  1.0000
  4.6778	  1.1448	 -0.1033	 -2.7522	  1.0000
  4.7918	  1.1448	 -0.1189	 -2.9798	  0.0000
  4.9057	  1.1448	 -0.0996	 -2.8930	  0.0000
  5.0197	  1.1448	 -0.1231	 -2.7903	  1.0000
  5.1337	  1.1448	 -0.1218	 -2.7936	  1.0000
  0.1191	  1.2588	 -0.0595	 -2.9175	  1.0000
  0.2331	  1.2588	 -0.0598	 -2.9211	  1.0000
  0.3471	  1.2588	 -0.0536	 -2.9318	  1.0000
  0.4610	  1.2588	 -0.0426	 -2.9428	  1.0000
  0.5750	  1.2588	 -0.0624	 -3.0283	  0.0000
  0.6890	  1.2588	  0.0071	 -3.0149	  0.0000
  0.8029	  1.2588	  0.0273	 -2.8661	  1.0000
  0.9169	  1.2588	  0.0530	 -2.8271	  1.0000
  1.0309	  1.2588	  0.0942	 -2.7858	  1.0000
  1.1448	  1.2588	  0.1113	 -2.7729	  1.0000
  1.2588	  1.2588	  0.1117	 -2.7670	  1.0000
  1.3728	  1.2588	  0.0976	 -2.7751	  1.0000
  1.4867	  1.2588	  0.0648	 -2.7944	  1.0000
  1.6007	  1.2588	  0.0120	 -2.8484	  1.0000
  1.7147	  1.2588	 -0.0107	 -2.8899	  1.0000
  1.8286	  1.2588	 -0.0259	 -2.9420	  1.0000
  1.9426	  1.2588	 -0.0365	 -2.9902	  1.0000
  2.0566	  1.2588	 -0.0305	 -3.0118	  1.0000
  2.1705	  1.2588	 -0.0290	 -3.0047	  1.0000
  2.2845	  1.2588	 -0.0395	 -2.9733	  1.0000
  2.3985	  1.2588	 -0.1246	 -3.1274	  0.0000
  2.5124	  1.2588	 -0.0638	 -2.8370	  1.0000
  2.6264	  1.2588	 -0.0850	 -2.7533	  1.0000
  2.7404	  1.2588	 -0.1061	 -2.6716	  1.0000
  2.8543	  1.2588	 -0.0587	 -2.4728	  0.0000
  2.9683	  1.2588	 -0.1632	 -2.5680	  1.0000
  3.0823	  1.2588	 -0.2068	 -2.5726	  1.0000
  3.1962	  1.2588	 -0.2433	 -2.5968	  1.0000
  3.3102	  1.2588	 -0.2073	 -2.6845	  0.0000
  3.4242	  1.2588	 -0.2686	 -2.7125	  1.0000
  3.5381	  1.2588	 -0.2210	 -2.7912	  0.0000
  3.6521	  1.2588	 -0.3480	 -2.8909	  0.0000
  3.7661	  1.2588	 -0.2586	 -2.8077	  1.0000
  3.8800	  1.2588	 -0.2739	 -2.8025	  1.0000
  3.9940	  1.2588	 -0.3588	 -2.6426	  0.0000
  4.1080	  1.2588	 -0.4393	 -2.6896	  0.0000
  4.2219	  1.2588	 -0.1834	 -2.7159	  1.0000
  4.3359	  1.2588	 -0.1497	 -2.7097	  1.0000
  4.4499	  1.2588	 -0.1165	 -2.6907	  1.0000
  4.5638	  1.2588	 -0.1042	 -2.6881	  1.0000
  4.6778	  1.2588	 -0.1072	 -2.7044	  1.0000
  4.7918	  1.2588	 -0.1145	 -2.7076	  1.0000
  4.9057	  1.2588	 -0.1200	 -2.7252	  1.0000
  5.0197	  1.2588	 -0.1254	 -2.7406	  1.0000
  5.1337	  1.2588	 -0.1209	 -2.7417	  1.0000
  0.1191	  1.3728	 -0.0410	 -2.9159	  1.0000
  0.2331	  1.3728	 -0.0404	 -2.9182	  1.0000
  0.3471	  1.3728	 -0.0343	 -2.9286	  1.0000
  0.4610	  1.3728	 -0.0242	 -2.9390	  1.0000
  0.5750	  1.3728	 -0.0113	 -2.9315	  1.0000
  0.6890	  1.3728	  0.0361	 -3.0919	  0.0000
  0.8029	  1.3728	  0.0188	 -2.8841	  1.0000
  0.9169	  1.3728	  0.0347	 -2.8486	  1.0000
  1.0309	  1.3728	  0.0578	 -2.8171	  1.0000
  1.1448	  1.3728	  0.0655	 -2.8074	  1.0000
  1.2588	  1.3728	  0.0637	 -2.8111	  1.0000
  1.3728	  1.3728	  0.0434	 -2.8290	  1.0000
  1.4867	  1.3728	  0.0061	 -2.8627	  1.0000
  1.6007	  1.3728	 -0.0395	 -2.9156	  1.0000
  1.7147	  1.3728	 -0.0570	 -2.9556	  1.0000
  1.8286	  1.3728	 -0.0657	 -2.9945	  1.0000
  1.9426	  1.3728	 -0.0607	 -3.0279	  1.0000
  2.0566	  1.3728	  0.0493	 -3.1485	  0.0000
  2.1705	  1.3728	  0.0131	 -3.2134	  0.0000
  2.2845	  1.3728	 -0.0128	 -2.9959	  1.0000
  2.3985	  1.3728	 -0.0862	 -2.9883	  0.0000
  2.5124	  1.3728	 -0.0248	 -2.8586	  1.0000
  2.6264	  1.3728	 -0.0481	 -2.7718	  1.0000
  2.7404	  1.3728	  0.1338	 -2.5214	  0.0000
  2.8543	  1.3728	 -0.1172	 -2.6138	  1.0000
  2.9683	  1.3728	 -0.1624	 -2.5636	  1.0000
  3.0823	  1.3728	 -0.0720	 -2.3814	  0.0000
  3.1962	  1.3728	 -0.2413	 -2.3777	  0.0000
  3.3102	  1.3728	 -0.2668	 -2.5942	  1.0000
  3.4242	  1.3728	 -0.2910	 -2.6571	  1.0000
  3.5381	  1.3728	  0.1207	 -2.8003	  0.0000
  3.6521	  1.3728	 -0.1110	 -2.8784	  0.0000
  3.7661	  1.3728	 -0.1014	 -2.9128	  0.0000
  3.8800	  1.3728	 -0.2933	 -2.7685	  1.0000
  3.9940	  1.3728	 -0.2757	 -2.7489	  1.0000
  4.1080	  1.3728	 -0.4898	 -2.9513	  0.0000
  4.2219	  1.3728	 -0.3544	 -2.9038	  0.0000
  4.3359	  1.3728	 -0.1714	 -2.6881	  1.0000
  4.4499	  1.3728	 -0.1224	 -2.6595	  1.0000
  4.5638	  1.3728	 -0.1040	 -2.6532	  1.0000
  4.6778	  1.3728	 -0.1108	 -2.5488	  0.0000
  4.7918	  1.3728	 -0.1643	 -2.5711	  0.0000
  4.9057	  1.3728	 -0.1753	 -2.7140	  0.0000
  5.0197	  1.3728	 -0.1132	 -2.7107	  1.0000
  5.1337	  1.3728	 -0.1074	 -2.7118	  1.0000
  0.1191	  1.4867	 -0.0367	 -2.9024	  1.0000
  0.2331	  1.4867	 -0.0355	 -2.9035	  1.0000
  0.3471	  1.4867	  0.0967	 -3.0695	  0.0000
  0.4610	  1.4867	 -0.0203	 -2.9248	  1.0000
  0.5750	  1.4867	  0.1009	 -3.0933	  0.0000
  0.6890	  1.4867	 -0.0037	 -2.9005	  1.0000
  0.8029	  1.4867	  0.0088	 -2.8817	  1.0000
  0.9169	  1.4867	  0.0180	 -2.8449	  1.0000
  1.0309	  1.4867	  0.0239	 -2.8217	  1.0000
  1.1448	  1.4867	  0.0252	 -2.8174	  1.0000
  1.2588	  1.4867	  0.0175	 -2.8309	  1.0000
  1.3728	  1.4867	 -0.0091	 -2.8622	  1.0000
  1.4867	  1.4867	 -0.0457	 -2.9106	  1.0000
  1.6007	  1.4867	 -0.2938	 -3.0802	  0.0000
  1.7147	  1.4867	 -0.4547	 -3.1897	  0.0000
  1.8286	  1.4867	 -0.5017	 -3.2343	  0.0000
  1.9426	  1.4867	 -0.0489	 -3.1383	  0.0000
  2.0566	  1.4867	 -0.0796	 -3.1105	  0.0000
  2.1705	  1.4867	 -0.0455	 -3.1250	  0.0000
  2.2845	  1.4867	  0.0159	 -3.1337	  0.0000
  2.3985	  1.4867	  0.0943	 -3.0807	  0.0000
  2.5124	  1.4867	  0.0012	 -2.8732	  1.0000
  2.6264	  1.4867	 -0.0216	 -2.7916	  1.0000
  2.7404	  1.4867	 -0.0623	 -2.6958	  1.0000
  2.8543	  1.4867	 -0.1130	 -2.6198	  1.0000
  2.9683	  1.4867	 -0.1660	 -2.5596	  1.0000
  3.0823	  1.4867	 -0.2237	 -2.5386	  1.0000
  3.1962	  1.4867	 -0.3763	 -2.4518	  0.0000
  3.3102	  1.4867	 -0.2932	 -2.5448	  1.0000
  3.4242	  1.4867	 -0.2931	 -2.4250	  0.0000
  3.5381	  1.4867	 -0.3024	 -2.6431	  1.0000
  3.6521	  1.4867	 -0.1589	 -2.7905	  0.0000
  3.7661	  1.4867	 -0.2827	 -2.6984	  1.0000
  3.8800	  1.4867	 -0.3005	 -2.7125	  1.0000
  3.9940	  1.4867	 -0.2867	 -2.7077	  1.0000
  4.1080	  1.4867	 -0.2675	 -2.6933	  1.0000
  4.2219	  1.4867	 -0.2189	 -2.6810	  1.0000
  4.3359	  1.4867	 -0.1687	 -2.6623	  1.0000
  4.4499	  1.4867	  0.0366	 -2.5721	  0.0000
  4.5638	  1.4867	 -0.0230	 -2.4894	  0.0000
  4.6778	  1.4867	 -0.0673	 -2.5265	  0.0000
  4.7918	  1.4867	 -0.1751	 -2.6206	  0.0000
  4.9057	  1.4867	 -0.2436	 -2.7527	  0.0000
  5.0197	  1.4867	 -0.0748	 -2.6518	  1.0000
  5.1337	  1.4867	 -0.0678	 -2.6595	  1.0000
  0.1191	  1.6007	 -0.0406	 -2.8704	  1.0000
  0.2331	  1.6007	 -0.0397	 -2.8712	  1.0000
  0.3471	  1.6007	 -0.0331	 -2.8782	  1.0000
  0.4610	  1.6007	 -0.0250	 -2.8863	  1.0000
  0.5750	  1.6007	 -0.0169	 -2.8846	  1.0000
  0.6890	  1.6007	 -0.0136	 -2.8705	  1.0000
  0.8029	  1.6007	 -0.0055	 -2.8593	  1.0000
  0.9169	  1.6007	 -0.0022	 -2.8345	  1.0000
  1.0309	  1.6007	 -0.0005	 -2.8244	  1.0000
  1.1448	  1.6007	 -0.0020	 -2.8287	  1.0000
  1.2588	  1.6007	 -0.0166	 -2.8574	  1.0000
  1.3728	  1.6007	 -0.0392	 -2.9011	  1.0000
  1.4867	  1.6007	 -0.0681	 -2.9567	  1.0000
  1.6007	  1.6007	 -0.0979	 -2.9952	  1.0000
  1.7147	  1.6007	 -0.1011	 -3.0116	  1.0000
  1.8286	  1.6007	 -0.0863	 -3.0135	  1.0000
  1.9426	  1.6007	 -0.0649	 -3.0115	  1.0000
  2.0566	  1.6007	 -0.0348	 -2.9951	  1.0000
  2.1705	  1.6007	  0.0067	 -2.9848	  1.0000
  2.2845	  1.6007	  0.0255	 -2.9708	  1.0000
  2.3985	  1.6007	  0.1484	 -3.0047	  0.0000
  2.5124	  1.6007	  0.1773	 -2.9339	  0.0000
  2.6264	  1.6007	 -0.0122	 -2.7817	  1.0000
  2.7404	  1.6007	 -0.0605	 -2.6972	  1.0000
  2.8543	  1.6007	 -0.1242	 -2.6233	  1.0000
  2.9683	  1.6007	 -0.1865	 -2.5596	  1.0000
  3.0823	  1.6007	 -0.2524	 -2.5301	  1.0000
  3.1962	  1.6007	 -0.3071	 -2.5087	  1.0000
  3.3102	  1.6007	 -0.4605	 -2.4481	  0.0000
  3.4242	  1.6007	 -0.5457	 -2.4709	  0.0000
  3.5381	  1.6007	 -0.4411	 -2.5366	  0.0000
  3.6521	  1.6007	 -0.3965	 -2.6487	  0.0000
  3.7661	  1.6007	 -0.2795	 -2.7539	  0.0000
  3.8800	  1.6007	 -0.2993	 -2.6576	  1.0000
  3.9940	  1.6007	 -0.2879	 -2.6645	  1.0000
  4.1080	  1.6007	 -0.2643	 -2.6680	  1.0000
  4.2219	  1.6007	 -0.2120	 -2.6627	  1.0000
  4.3359	  1.6007	 -0.1609	 -2.6433	  1.0000
  4.4499	  1.6007	 -0.1005	 -2.6121	  1.0000
  4.5638	  1.6007	 -0.0250	 -2.5036	  0.0000
  4.6778	  1.6007	 -0.0414	 -2.5169	  0.0000
  4.7918	  1.6007	 -0.0801	 -2.6591	  0.0000
  4.9057	  1.6007	 -0.0380	 -2.5845	  1.0000
  5.0197	  1.6007	 -0.0414	 -2.5979	  1.0000
  5.1337	  1.6007	 -0.0357	 -2.6046	  1.0000
  0.1191	  1.7147	 -0.0660	 -2.8224	  1.0000
  0.2331	  1.7147	 -0.0610	 -2.8243	  1.0000
  0.3471	  1.7147	 -0.0524	 -2.8327	  1.0000
  0.4610	  1.7147	 -0.0464	 -2.8360	  1.0000
  0.5750	  1.7147	 -0.0398	 -2.8379	  1.0000
  0.6890	  1.7147	 -0.0277	 -2.8323	  1.0000
  0.8029	  1.7147	 -0.0218	 -2.8287	  1.0000
  0.9169	  1.7147	 -0.0206	 -2.8121	  1.0000
  1.0309	  1.7147	 -0.0197	 -2.8177	  1.0000
  1.1448	  1.7147	 -0.0030	 -2.6325	  0.0000
  1.2588	  1.7147	 -0.0349	 -2.8656	  1.0000
  1.3728	  1.7147	 -0.0375	 -2.8485	  0.0000
  1.4867	  1.7147	 -0.0693	 -2.9777	  1.0000
  1.6007	  1.7147	 -0.0928	 -3.0105	  1.0000
  1.7147	  1.7147	 -0.0910	 -3.0173	  1.0000
  1.8286	  1.7147	 -0.0772	 -3.0030	  1.0000
  1.9426	  1.7147	 -0.0602	 -2.9781	  1.0000
  2.0566	  1.7147	 -0.0340	 -2.9496	  1.0000
  2.1705	  1.7147	  0.0092	 -2.9355	  1.0000
  2.2845	  1.7147	  0.0268	 -2.9243	  1.0000
  2.3985	  1.7147	  0.0964	 -3.0187	  0.0000
  2.5124	  1.7147	  0.1452	 -2.9462	  0.0000
  2.6264	  1.7147	 -0.0176	 -2.7744	  1.0000
  2.7404	  1.7147	 -0.0708	 -2.6973	  1.0000
  2.8543	  1.7147	 -0.1422	 -2.6325	  1.0000
  2.9683	  1.7147	 -0.2123	 -2.5729	  1.0000
  3.0823	  1.7147	 -0.2772	 -2.5290	  1.0000
  3.1962	  1.7147	 -0.3430	 -2.4357	  0.0000
  3.3102	  1.7147	 -0.3781	 -2.4876	  1.0000
  3.4242	  1.7147	 -0.4593	 -2.4545	  0.0000
  3.5381	  1.7147	 -0.4804	 -2.4485	  0.0000
  3.6521	  1.7147	 -0.4902	 -2.4981	  0.0000
  3.7661	  1.7147	 -0.3452	 -2.5011	  0.0000
  3.8800	  1.7147	 -0.3105	 -2.5983	  1.0000
  3.9940	  1.7147	 -0.2842	 -2.5578	  0.0000
  4.1080	  1.7147	 -0.3090	 -2.5681	  0.0000
  4.2219	  1.7147	 -0.1906	 -2.6235	  1.0000
  4.3359	  1.7147	 -0.1363	 -2.6114	  1.0000
  4.4499	  1.7147	  0.0412	 -2.6980	  0.0000
  4.5638	  1.7147	  0.0170	 -2.5189	  0.0000
  4.6778	  1.7147	  0.0473	 -2.5334	  0.0000
  4.7918	  1.7147	  0.0552	 -2.5850	  0.0000
  4.9057	  1.7147	  0.0795	 -2.5940	  0.0000
  5.0197	  1.7147	  0.1832	 -2.5448	  0.0000
  5.1337	  1.7147	 -0.0129	 -2.5564	  1.0000
  0.1191	  1.8286	 -0.0792	 -2.7606	  1.0000
  0.2331	  1.8286	 -0.0728	 -2.7653	  1.0000
  0.3471	  1.8286	 -0.0684	 -2.7694	  1.0000
  0.4610	  1.8286	 -0.0639	 -2.7757	  1.0000
  0.5750	  1.8286	 -0.0593	 -2.7819	  1.0000
  0.6890	  1.8286	 -0.0443	 -2.7890	  1.0000
  0.8029	  1.8286	 -0.0400	 -2.7937	  1.0000
  0.9169	  1.8286	 -0.0353	 -2.7929	  1.0000
  1.0309	  1.8286	 -0.0343	 -2.8067	  1.0000
  1.1448	  1.8286	 -0.0343	 -2.8263	  1.0000
  1.2588	  1.8286	 -0.0430	 -2.8662	  1.0000
  1.3728	  1.8286	 -0.0436	 -2.9140	  1.0000
  1.4867	  1.8286	 -0.2006	 -3.1427	  0.0000
  1.6007	  1.8286	 -0.0201	 -3.1771	  0.0000
  1.7147	  1.8286	  0.0309	 -3.1275	  0.0000
  1.8286	  1.8286	 -0.0320	 -2.9442	  1.0000
  1.9426	  1.8286	  0.0664	 -2.6088	  0.0000
  2.0566	  1.8286	  0.0901	 -2.6935	  0.0000
  2.1705	  1.8286	  0.0073	 -2.8662	  1.0000
  2.2845	  1.8286	  0.0239	 -2.8646	  1.0000
  2.3985	  1.8286	  0.0188	 -2.8430	  1.0000
  2.5124	  1.8286	  0.0040	 -2.8030	  1.0000
  2.6264	  1.8286	 -0.0253	 -2.7485	  1.0000
  2.7404	  1.8286	 -0.0743	 -2.6833	  1.0000
  2.8543	  1.8286	 -0.1306	 -2.5341	  0.0000
  2.9683	  1.8286	 -0.2088	 -2.5692	  1.0000
  3.0823	  1.8286	 -0.4641	 -2.5900	  0.0000
  3.1962	  1.8286	 -0.4135	 -2.5041	  0.0000
  3.3102	  1.8286	 -0.3818	 -2.4826	  1.0000
  3.4242	  1.8286	 -0.4044	 -2.4825	  1.0000
  3.5381	  1.8286	 -0.4006	 -2.4926	  1.0000
  3.6521	  1.8286	 -0.3824	 -2.5202	  1.0000
  3.7661	  1.8286	 -0.3486	 -2.2475	  0.0000
  3.8800	  1.8286	 -0.3231	 -2.5671	  1.0000
  3.9940	  1.8286	 -0.2941	 -2.5733	  0.0000
  4.1080	  1.8286	 -0.2987	 -2.5548	  0.0000
  4.2219	  1.8286	 -0.2785	 -2.6363	  0.0000
  4.3359	  1.8286	 -0.1289	 -2.5973	  1.0000
  4.4499	  1.8286	 -0.0763	 -2.6281	  0.0000
  4.5638	  1.8286	 -0.0142	 -2.6025	  0.0000
  4.6778	  1.8286	  0.0520	 -2.5298	  0.0000
  4.7918	  1.8286	  0.0716	 -2.4534	  0.0000
  4.9057	  1.8286	  0.0127	 -2.4961	  0.0000
  5.0197	  1.8286	  0.0103	 -2.5285	  1.0000
  5.1337	  1.8286	  0.0898	 -2.3606	  0.0000
  0.1191	  1.9426	 -0.0774	 -2.7002	  1.0000
  0.2331	  1.9426	 -0.0720	 -2.7073	  1.0000
  0.3471	  1.9426	 -0.3387	 -2.6418	  0.0000
  0.4610	  1.9426	 -0.0662	 -2.7237	  1.0000
  0.5750	  1.9426	 -0.0639	 -2.7345	  1.0000
  0.6890	  1.9426	 -0.0502	 -2.7519	  1.0000
  0.8029	  1.9426	 -0.0470	 -2.7639	  1.0000
  0.9169	  1.9426	 -0.0423	 -2.7704	  1.0000
  1.0309	  1.9426	 -0.0397	 -2.7899	  1.0000
  1.1448	  1.9426	 -0.0365	 -2.8134	  1.0000
  1.2588	  1.9426	 -0.0451	 -2.8615	  1.0000
  1.3728	  1.9426	 -0.0402	 -2.9080	  1.0000
  1.4867	  1.9426	 -0.0347	 -2.9541	  1.0000
  1.6007	  1.9426	  0.0545	 -3.0887	  0.0000
  1.7147	  1.9426	  0.0629	 -3.0813	  0.0000
  1.8286	  1.9426	 -0.0230	 -2.9062	  1.0000
  1.9426	  1.9426	 -0.0210	 -2.8679	  1.0000
  2.0566	  1.9426	 -0.0189	 -2.8329	  1.0000
  2.1705	  1.9426	 -0.0042	 -2.8162	  1.0000
  2.2845	  1.9426	  0.0066	 -2.8185	  1.0000
  2.3985	  1.9426	 -0.0001	 -2.8012	  1.0000
  2.5124	  1.9426	 -0.0158	 -2.7684	  1.0000
  2.6264	  1.9426	 -0.0423	 -2.7221	  1.0000
  2.7404	  1.9426	 -0.0821	 -2.6656	  1.0000
  2.8543	  1.9426	 -0.1402	 -2.6125	  1.0000
  2.9683	  1.9426	 -0.1988	 -2.5603	  1.0000
  3.0823	  1.9426	 -0.2548	 -2.5204	  1.0000
  3.1962	  1.9426	 -0.4295	 -2.4303	  0.0000
  3.3102	  1.9426	 -0.4564	 -2.3806	  0.0000
  3.4242	  1.9426	 -0.4380	 -2.3543	  0.0000
  3.5381	  1.9426	 -0.3761	 -2.5017	  1.0000
  3.6521	  1.9426	 -0.3670	 -2.5247	  1.0000
  3.7661	  1.9426	 -0.3477	 -2.5461	  1.0000
  3.8800	  1.9426	 -0.3227	 -2.5541	  1.0000
  3.9940	  1.9426	 -0.2800	 -2.5669	  1.0000
  4.1080	  1.9426	 -0.2354	 -2.5860	  1.0000
  4.2219	  1.9426	 -0.1827	 -2.5919	  1.0000
  4.3359	  1.9426	 -0.1022	 -2.6318	  0.0000
  4.4499	  1.9426	 -0.0780	 -2.5952	  1.0000
  4.5638	  1.9426	 -0.0306	 -2.6527	  0.0000
  4.6778	  1.9426	 -0.0280	 -2.6020	  0.0000
  4.7918	  1.9426	  0.0072	 -2.5495	  1.0000
  4.9057	  1.9426	 -0.0168	 -2.4963	  0.0000
  5.0197	  1.9426	 -0.0201	 -2.4985	  0.0000
  5.1337	  1.9426	 -0.0172	 -2.4195	  0.0000
  0.1191	  2.0566	 -0.0577	 -2.6431	  1.0000
  0.2331	  2.0566	 -0.0539	 -2.6512	  1.0000
  0.3471	  2.0566	 -0.0530	 -2.6607	  1.0000
  0.4610	  2.0566	 -0.0555	 -2.6743	  1.0000
  0.5750	  2.0566	 -0.0571	 -2.6891	  1.0000
  0.6890	  2.0566	 -0.0602	 -2.7165	  1.0000
  0.8029	  2.0566	 -0.0587	 -2.7352	  1.0000
  0.9169	  2.0566	 -0.0547	 -2.7544	  1.0000
  1.0309	  2.0566	 -0.0495	 -2.7769	  1.0000
  1.1448	  2.0566	 -0.0437	 -2.8043	  1.0000
  1.2588	  2.0566	 -0.0339	 -2.8504	  1.0000
  1.3728	  2.0566	 -0.0250	 -2.8937	  1.0000
  1.4867	  2.0566	 -0.0159	 -2.9276	  1.0000
  1.6007	  2.0566	 -0.0194	 -2.9356	  1.0000
  1.7147	  2.0566	 -0.0215	 -2.9087	  1.0000
  1.8286	  2.0566	 -0.1343	 -2.8922	  0.0000
  1.9426	  2.0566	 -0.0497	 -2.7588	  0.0000
  2.0566	  2.0566	 -0.0207	 -2.7850	  1.0000
  2.1705	  2.0566	 -0.0146	 -2.7723	  1.0000
  2.2845	  2.0566	 -0.0121	 -2.7719	  1.0000
  2.3985	  2.0566	 -0.0147	 -2.7627	  1.0000
  2.5124	  2.0566	 -0.0279	 -2.7333	  1.0000
  2.6264	  2.0566	 -0.0498	 -2.6899	  1.0000
  2.7404	  2.0566	 -0.0787	 -2.6337	  1.0000
  2.8543	  2.0566	 -0.1234	 -2.5894	  1.0000
  2.9683	  2.0566	 -0.1692	 -2.5422	  1.0000
  3.0823	  2.0566	 -0.2187	 -2.5096	  1.0000
  3.1962	  2.0566	 -0.2638	 -2.4962	  1.0000
  3.3102	  2.0566	 -0.3598	 -2.4674	  0.0000
  3.4242	  2.0566	 -0.3353	 -2.5224	  1.0000
  3.5381	  2.0566	 -0.4031	 -2.4823	  0.0000
  3.6521	  2.0566	 -0.3967	 -2.4834	  0.0000
  3.7661	  2.0566	 -0.3403	 -2.5786	  1.0000
  3.8800	  2.0566	 -0.3254	 -2.5790	  1.0000
  3.9940	  2.0566	 -0.2942	 -2.5827	  1.0000
  4.1080	  2.0566	 -0.2542	 -2.5974	  1.0000
  4.2219	  2.0566	 -0.0726	 -2.5348	  0.0000
  4.3359	  2.0566	 -0.0386	 -2.5107	  0.0000
  4.4499	  2.0566	 -0.0276	 -2.5190	  0.0000
  4.5638	  2.0566	 -0.0644	 -2.5859	  1.0000
  4.6778	  2.0566	  0.0417	 -2.6348	  0.0000
  4.7918	  2.0566	 -0.0274	 -2.5539	  1.0000
  4.9057	  2.0566	  0.0063	 -2.4981	  0.0000
  5.0197	  2.0566	 -0.0137	 -2.4982	  0.0000
  5.1337	  2.0566	 -0.0052	 -2.4913	  0.0000
  0.1191	  2.1705	 -0.0218	 -2.5965	  1.0000
  0.2331	  2.1705	 -0.0213	 -2.6084	  1.0000
  0.3471	  2.1705	 -0.0419	 -2.5148	  0.0000
  0.4610	  2.1705	 -0.0318	 -2.6360	  1.0000
  0.5750	  2.1705	 -0.0382	 -2.6529	  1.0000
  0.6890	  2.1705	 -0.0426	 -2.6885	  1.0000
  0.8029	  2.1705	 -0.0419	 -2.7089	  1.0000
  0.9169	  2.1705	 -0.0378	 -2.7294	  1.0000
  1.0309	  2.1705	 -0.0304	 -2.7520	  1.0000
  1.1448	  2.1705	 -0.0226	 -2.7780	  1.0000
  1.2588	  2.1705	 -0.0049	 -2.8140	  1.0000
  1.3728	  2.1705	  0.0041	 -2.8465	  1.0000
  1.4867	  2.1705	 -0.1061	 -3.0554	  0.0000
  1.6007	  2.1705	  0.0062	 -2.8891	  1.0000
  1.7147	  2.1705	 -0.0026	 -2.8738	  1.0000
  1.8286	  2.1705	 -0.0122	 -2.8374	  1.0000
  1.9426	  2.1705	 -0.1242	 -2.6947	  0.0000
  2.0566	  2.1705	 -0.0255	 -2.7765	  1.0000
  2.1705	  2.1705	 -0.0246	 -2.7527	  1.0000
  2.2845	  2.1705	 -0.0185	 -2.7523	  1.0000
  2.3985	  2.1705	 -0.0150	 -2.7397	  1.0000
  2.5124	  2.1705	 -0.0265	 -2.7110	  1.0000
  2.6264	  2.1705	 -0.0451	 -2.6715	  1.0000
  2.7404	  2.1705	 -0.1130	 -2.6477	  0.0000
  2.8543	  2.1705	 -0.0973	 -2.6103	  0.0000
  2.9683	  2.1705	 -0.1198	 -2.5126	  1.0000
  3.0823	  2.1705	 -0.1557	 -2.4881	  1.0000
  3.1962	  2.1705	 -0.1936	 -2.4385	  0.0000
  3.3102	  2.1705	 -0.2409	 -2.5129	  1.0000
  3.4242	  2.1705	 -0.2769	 -2.5359	  1.0000
  3.5381	  2.1705	 -0.3114	 -2.7827	  0.0000
  3.6521	  2.1705	 -0.3696	 -2.6461	  0.0000
  3.7661	  2.1705	 -0.3131	 -2.6096	  1.0000
  3.8800	  2.1705	 -0.3062	 -2.6062	  1.0000
  3.9940	  2.1705	 -0.2792	 -2.6046	  1.0000
  4.1080	  2.1705	 -0.2488	 -2.6023	  1.0000
  4.2219	  2.1705	 -0.2132	 -2.6043	  1.0000
  4.3359	  2.1705	 -0.1741	 -2.6087	  1.0000
  4.4499	  2.1705	 -0.1301	 -2.6138	  1.0000
  4.5638	  2.1705	 -0.1001	 -2.6130	  1.0000
  4.6778	  2.1705	 -0.0815	 -2.6026	  1.0000
  4.7918	  2.1705	 -0.0619	 -2.5651	  1.0000
  4.9057	  2.1705	  0.0099	 -2.4972	  0.0000
  5.0197	  2.1705	  0.0450	 -2.5042	  0.0000
  5.1337	  2.1705	 -0.0297	 -2.4633	  1.0000
  0.1191	  2.2845	  0.0624	 -2.5687	  1.0000
  0.2331	  2.2845	  0.0415	 -2.5833	  1.0000
  0.3471	  2.2845	  0.0114	 -2.4764	  0.0000
  0.4610	  2.2845	  0.0185	 -2.5707	  0.0000
  0.5750	  2.2845	 -0.0095	 -2.6370	  1.0000
  0.6890	  2.2845	 -0.0221	 -2.6681	  1.0000
  0.8029	  2.2845	 -0.0136	 -2.6861	  1.0000
  0.9169	  2.2845	 -0.3790	 -2.7020	  0.0000
  1.0309	  2.2845	  0.0064	 -2.7221	  1.0000
  1.1448	  2.2845	  0.0164	 -2.7443	  1.0000
  1.2588	  2.2845	  0.0342	 -2.7756	  1.0000
  1.3728	  2.2845	  0.0381	 -2.7996	  1.0000
  1.4867	  2.2845	  0.0378	 -2.8170	  1.0000
  1.6007	  2.2845	  0.0287	 -2.8348	  1.0000
  1.7147	  2.2845	  0.0148	 -2.8215	  1.0000
  1.8286	  2.2845	  0.0008	 -2.7886	  1.0000
  1.9426	  2.2845	 -0.0087	 -2.7645	  1.0000
  2.0566	  2.2845	 -0.1520	 -2.6050	  0.0000
  2.1705	  2.2845	 -0.0130	 -2.7134	  1.0000
  2.2845	  2.2845	 -0.0070	 -2.7203	  1.0000
  2.3985	  2.2845	 -0.0423	 -2.9054	  0.0000
  2.5124	  2.2845	 -0.0103	 -2.6648	  1.0000
  2.6264	  2.2845	 -0.0317	 -2.6317	  1.0000
  2.7404	  2.2845	 -0.0320	 -2.5600	  1.0000
  2.8543	  2.2845	 -0.0599	 -2.5000	  1.0000
  2.9683	  2.2845	 -0.0779	 -2.4667	  1.0000
  3.0823	  2.2845	 -0.0996	 -2.4701	  1.0000
  3.1962	  2.2845	 -0.0356	 -2.4179	  0.0000
  3.3102	  2.2845	 -0.1774	 -2.5352	  0.0000
  3.4242	  2.2845	 -0.2232	 -2.6170	  0.0000
  3.5381	  2.2845	 -0.3613	 -2.7496	  0.0000
  3.6521	  2.2845	 -0.3844	 -2.6997	  0.0000
  3.7661	  2.2845	 -0.2741	 -2.6213	  1.0000
  3.8800	  2.2845	 -0.2743	 -2.6145	  1.0000
  3.9940	  2.2845	 -0.4296	 -2.7305	  0.0000
  4.1080	  2.2845	 -0.4449	 -2.6780	  0.0000
  4.2219	  2.2845	 -0.3713	 -2.5998	  0.0000
  4.3359	  2.2845	 -0.1811	 -2.6228	  1.0000
  4.4499	  2.2845	 -0.1594	 -2.6192	  0.0000
  4.5638	  2.2845	 -0.1165	 -2.5727	  0.0000
  4.6778	  2.2845	 -0.0930	 -2.6201	  1.0000
  4.7918	  2.2845	 -0.0692	 -2.5628	  1.0000
  4.9057	  2.2845	 -0.1738	 -2.6749	  0.0000
  5.0197	  2.2845	 -0.0316	 -2.4539	  0.0000
  5.1337	  2.2845	 -0.0198	 -2.5025	  0.0000
  0.1191	  2.3985	  0.1500	 -2.5707	  1.0000
  0.2331	  2.3985	  0.1191	 -2.5834	  1.0000
  0.3471	  2.3985	  0.0446	 -2.4454	  0.0000
  0.4610	  2.3985	  0.0458	 -2.6184	  0.0000
  0.5750	  2.3985	  0.0393	 -2.6261	  1.0000
  0.6890	  2.3985	  0.0255	 -2.6526	  1.0000
  0.8029	  2.3985	  0.0356	 -2.6649	  1.0000
  0.9169	  2.3985	  0.0463	 -2.6755	  1.0000
  1.0309	  2.3985	  0.0587	 -2.6882	  1.0000
  1.1448	  2.3985	  0.0683	 -2.7044	  1.0000
  1.2588	  2.3985	  0.0834	 -2.7300	  1.0000
  1.3728	  2.3985	  0.0833	 -2.7505	  1.0000
  1.4867	  2.3985	  0.0783	 -2.7669	  1.0000
  1.6007	  2.3985	  0.0786	 -2.7877	  1.0000
  1.7147	  2.3985	  0.0601	 -2.7814	  1.0000
  1.8286	  2.3985	  0.0772	 -3.0513	  0.0000
  1.9426	  2.3985	  0.0266	 -2.7347	  1.0000
  2.0566	  2.3985	 -0.0736	 -2.6145	  0.0000
  2.1705	  2.3985	  0.0018	 -2.6803	  1.0000
  2.2845	  2.3985	  0.0035	 -2.6843	  1.0000
  2.3985	  2.3985	  0.0008	 -2.6708	  1.0000
  2.5124	  2.3985	  0.0527	 -2.9330	  0.0000
  2.6264	  2.3985	 -0.0372	 -2.5853	  1.0000
  2.7404	  2.3985	 -0.0349	 -2.5137	  1.0000
  2.8543	  2.3985	 -0.0697	 -2.4521	  1.0000
  2.9683	  2.3985	  0.2331	 -2.2595	  0.0000
  3.0823	  2.3985	 -0.0932	 -2.4368	  1.0000
  3.1962	  2.3985	 -0.0896	 -2.4798	  1.0000
  3.3102	  2.3985	 -0.0026	 -2.5128	  0.0000
  3.4242	  2.3985	 -0.0475	 -2.5543	  0.0000
  3.5381	  2.3985	 -0.1777	 -2.6277	  1.0000
  3.6521	  2.3985	 -0.2060	 -2.6440	  1.0000
  3.7661	  2.3985	 -0.1846	 -2.6521	  0.0000
  3.8800	  2.3985	 -0.2315	 -2.6532	  0.0000
  3.9940	  2.3985	 -0.2713	 -2.6000	  0.0000
  4.1080	  2.3985	 -0.2737	 -2.5943	  0.0000
  4.2219	  2.3985	 -0.2077	 -2.6274	  1.0000
  4.3359	  2.3985	 -0.2042	 -2.5769	  0.0000
  4.4499	  2.3985	 -0.1751	 -2.7076	  0.0000
  4.5638	  2.3985	 -0.2653	 -2.7712	  0.0000
  4.6778	  2.3985	 -0.1966	 -2.7265	  0.0000
  4.7918	  2.3985	 -0.1474	 -2.7053	  0.0000
  4.9057	  2.3985	 -0.0595	 -2.5266	  1.0000
  5.0197	  2.3985	 -0.0597	 -2.1610	  0.0000
  5.1337	  2.3985	 -0.0600	 -2.2635	  0.0000
  0.1191	  2.5124	  0.5399	 -2.4014	  0.0000
  0.2331	  2.5124	  0.1974	 -2.6031	  1.0000
  0.3471	  2.5124	  0.0340	 -2.6275	  0.0000
  0.4610	  2.5124	 -0.0767	 -2.6374	  0.0000
  0.5750	  2.5124	  0.0033	 -2.6671	  0.0000
  0.6890	  2.5124	  0.0786	 -2.6439	  1.0000
  0.8029	  2.5124	  0.0984	 -2.6430	  1.0000
  0.9169	  2.5124	  0.1227	 -2.6413	  1.0000
  1.0309	  2.5124	  0.1488	 -2.6455	  1.0000
  1.1448	  2.5124	  0.1568	 -2.6550	  1.0000
  1.2588	  2.5124	  0.1726	 -2.6678	  1.0000
  1.3728	  2.5124	  0.1593	 -2.6901	  1.0000
  1.4867	  2.5124	  0.1360	 -2.7071	  1.0000
  1.6007	  2.5124	  0.1177	 -2.7304	  1.0000
  1.7147	  2.5124	  0.0981	 -2.7320	  1.0000
  1.8286	  2.5124	  0.0710	 -2.7160	  1.0000
  1.9426	  2.5124	  0.0512	 -2.7009	  1.0000
  2.0566	  2.5124	  0.0446	 -2.6733	  1.0000
  2.1705	  2.5124	  0.0140	 -2.6609	  1.0000
  2.2845	  2.5124	  0.1474	 -2.4719	  0.0000
  2.3985	  2.5124	 -0.0056	 -2.6503	  1.0000
  2.5124	  2.5124	  0.0563	 -2.7855	  0.0000
  2.6264	  2.5124	 -0.0466	 -2.5620	  1.0000
  2.7404	  2.5124	  0.1223	 -2.1559	  0.0000
  2.8543	  2.5124	 -0.0702	 -2.4245	  1.0000
  2.9683	  2.5124	  0.0516	 -2.1594	  0.0000
  3.0823	  2.5124	 -0.0859	 -2.4251	  1.0000
  3.1962	  2.5124	 -0.0758	 -2.4770	  1.0000
  3.3102	  2.5124	  0.1027	 -2.5705	  0.0000
  3.4242	  2.5124	  0.0598	 -2.6785	  0.0000
  3.5381	  2.5124	 -0.1707	 -2.6196	  1.0000
  3.6521	  2.5124	 -0.2019	 -2.6411	  1.0000
  3.7661	  2.5124	 -0.0813	 -2.6089	  0.0000
  3.8800	  2.5124	 -0.1190	 -2.5888	  0.0000
  3.9940	  2.5124	 -0.1452	 -2.5273	  0.0000
  4.1080	  2.5124	 -0.2060	 -2.6190	  1.0000
  4.2219	  2.5124	 -0.1817	 -2.6474	  0.0000
  4.3359	  2.5124	 -0.1662	 -2.6456	  0.0000
  4.4499	  2.5124	 -0.1399	 -2.7307	  0.0000
  4.5638	  2.5124	 -0.1115	 -2.7672	  0.0000
  4.6778	  2.5124	 -0.0439	 -2.6286	  0.0000
  4.7918	  2.5124	 -0.0762	 -2.6798	  0.0000
  4.9057	  2.5124	 -0.0622	 -2.5270	  1.0000
  5.0197	  2.5124	  0.0235	 -2.1398	  0.0000
  5.1337	  2.5124	 -0.1056	 -2.5017	  0.0000
  0.1191	  2.6264	  0.6519	 -2.7147	  0.0000
  0.2331	  2.6264	  0.2574	 -2.6332	  1.0000
  0.3471	  2.6264	  0.2337	 -2.6372	  1.0000
  0.4610	  2.6264	  0.1794	 -2.6451	  1.0000
  0.5750	  2.6264	  0.1683	 -2.6482	  1.0000
  0.6890	  2.6264	  0.1580	 -2.6429	  1.0000
  0.8029	  2.6264	  0.1790	 -2.6270	  1.0000
  0.9169	  2.6264	  0.2020	 -2.6164	  1.0000
  1.0309	  2.6264	  0.2227	 -2.6075	  1.0000
  1.1448	  2.6264	  0.2212	 -2.6072	  1.0000
  1.2588	  2.6264	  0.2237	 -2.6157	  1.0000
  1.3728	  2.6264	  0.2052	 -2.6346	  1.0000
  1.4867	  2.6264	  0.1748	 -2.6493	  1.0000
  1.6007	  2.6264	  0.1552	 -2.6793	  1.0000
  1.7147	  2.6264	  0.1271	 -2.6861	  1.0000
  1.8286	  2.6264	  0.3628	 -2.7317	  0.0000
  1.9426	  2.6264	  0.0682	 -2.6730	  1.0000
  2.0566	  2.6264	  0.0593	 -2.6500	  1.0000
  2.1705	  2.6264	  0.0254	 -2.6317	  1.0000
  2.2845	  2.6264	  0.1118	 -2.4560	  0.0000
  2.3985	  2.6264	 -0.0052	 -2.6172	  1.0000
  2.5124	  2.6264	 -0.0156	 -2.5736	  1.0000
  2.6264	  2.6264	 -0.0563	 -2.5328	  1.0000
  2.7404	  2.6264	 -0.0567	 -2.4666	  1.0000
  2.8543	  2.6264	 -0.2953	 -2.0632	  0.0000
  2.9683	  2.6264	 -0.0956	 -2.3969	  1.0000
  3.0823	  2.6264	 -0.3788	 -2.3096	  0.0000
  3.1962	  2.6264	 -0.0895	 -2.4695	  1.0000
  3.3102	  2.6264	 -0.1142	 -2.5328	  1.0000
  3.4242	  2.6264	 -0.0137	 -2.7408	  0.0000
  3.5381	  2.6264	 -0.0980	 -2.7568	  0.0000
  3.6521	  2.6264	 -0.1738	 -2.6259	  1.0000
  3.7661	  2.6264	 -0.2004	 -2.6176	  1.0000
  3.8800	  2.6264	 -0.2087	 -2.6085	  1.0000
  3.9940	  2.6264	 -0.1926	 -2.6108	  1.0000
  4.1080	  2.6264	 -0.1692	 -2.6026	  1.0000
  4.2219	  2.6264	 -0.0672	 -2.6276	  0.0000
  4.3359	  2.6264	 -0.0921	 -2.6282	  0.0000
  4.4499	  2.6264	 -0.0674	 -2.6553	  0.0000
  4.5638	  2.6264	 -0.0057	 -2.6576	  0.0000
  4.6778	  2.6264	  0.0148	 -2.6397	  0.0000
  4.7918	  2.6264	 -0.0479	 -2.7721	  0.0000
  4.9057	  2.6264	 -0.0566	 -2.5170	  1.0000
  5.0197	  2.6264	 -0.0562	 -2.4927	  1.0000
  5.1337	  2.6264	 -0.0478	 -2.4378	  1.0000
  0.1191	  2.7404	  0.3509	 -2.6536	  1.0000
  0.2331	  2.7404	  0.3030	 -2.6599	  1.0000
  0.3471	  2.7404	  0.5632	 -2.7683	  0.0000
  0.4610	  2.7404	  0.2252	 -2.6673	  1.0000
  0.5750	  2.7404	  0.2150	 -2.6640	  1.0000
  0.6890	  2.7404	  0.2022	 -2.6439	  1.0000
  0.8029	  2.7404	  0.2256	 -2.6207	  1.0000
  0.9169	  2.7404	  0.2453	 -2.6020	  1.0000
  1.0309	  2.7404	  0.4660	 -2.4512	  0.0000
  1.1448	  2.7404	  0.5694	 -2.4840	  0.0000
  1.2588	  2.7404	  0.5800	 -2.5578	  0.0000
  1.3728	  2.7404	  0.2334	 -2.5937	  1.0000
  1.4867	  2.7404	  0.2018	 -2.6084	  1.0000
  1.6007	  2.7404	  0.1770	 -2.6311	  1.0000
  1.7147	  2.7404	  0.1353	 -2.5973	  0.0000
  1.8286	  2.7404	  0.1123	 -2.6431	  1.0000
  1.9426	  2.7404	  0.0830	 -2.6368	  1.0000
  2.0566	  2.7404	  0.0643	 -2.6120	  1.0000
  2.1705	  2.7404	  0.0292	 -2.6050	  1.0000
  2.2845	  2.7404	  0.0113	 -2.5995	  1.0000
  2.3985	  2.7404	 -0.0874	 -2.7808	  0.0000
  2.5124	  2.7404	 -0.1653	 -2.6171	  0.0000
  2.6264	  2.7404	 -0.0739	 -2.5158	  1.0000
  2.7404	  2.7404	 -0.0880	 -2.4625	  1.0000
  2.8543	  2.7404	 -0.1157	 -2.4226	  1.0000
  2.9683	  2.7404	 -0.1268	 -2.4111	  1.0000
  3.0823	  2.7404	 -0.1362	 -2.4295	  1.0000
  3.1962	  2.7404	 -0.1192	 -2.4785	  1.0000
  3.3102	  2.7404	 -0.1268	 -2.5310	  1.0000
  3.4242	  2.7404	 -0.1335	 -2.5680	  1.0000
  3.5381	  2.7404	 -0.1549	 -2.5872	  1.0000
  3.6521	  2.7404	 -0.4527	 -2.5938	  0.0000
  3.7661	  2.7404	 -0.4687	 -2.6054	  0.0000
  3.8800	  2.7404	 -0.2644	 -2.7536	  0.0000
  3.9940	  2.7404	 -0.1775	 -2.5953	  1.0000
  4.1080	  2.7404	 -0.1480	 -2.5918	  1.0000
  4.2219	  2.7404	 -0.1240	 -2.5871	  1.0000
  4.3359	  2.7404	  0.0016	 -2.5433	  0.0000
  4.4499	  2.7404	  0.0474	 -2.5280	  0.0000
  4.5638	  2.7404	  0.1067	 -2.5106	  0.0000
  4.6778	  2.7404	  0.0333	 -2.5514	  0.0000
  4.7918	  2.7404	 -0.0680	 -2.5840	  0.0000
  4.9057	  2.7404	 -0.0677	 -2.5251	  0.0000
  5.0197	  2.7404	 -0.0467	 -2.5051	  1.0000
  5.1337	  2.7404	 -0.0379	 -2.4755	  1.0000
  0.1191	  2.8543	  0.3747	 -2.6820	  1.0000
  0.2331	  2.8543	  0.3405	 -2.6824	  1.0000
  0.3471	  2.8543	  0.3487	 -2.6532	  0.0000
  0.4610	  2.8543	  0.2662	 -2.7825	  0.0000
  0.5750	  2.8543	  0.2733	 -2.6630	  1.0000
  0.6890	  2.8543	  0.2540	 -2.6386	  1.0000
  0.8029	  2.8543	  0.4134	 -2.6866	  0.0000
  0.9169	  2.8543	  0.3611	 -2.4648	  0.0000
  1.0309	  2.8543	  0.2788	 -2.5606	  1.0000
  1.1448	  2.8543	  0.2628	 -2.5491	  1.0000
  1.2588	  2.8543	  0.1761	 -2.4215	  0.0000
  1.3728	  2.8543	  0.2279	 -2.5577	  1.0000
  1.4867	  2.8543	  0.4439	 -2.4738	  0.0000
  1.6007	  2.8543	  0.1754	 -2.5908	  1.0000
  1.7147	  2.8543	  0.0883	 -2.5667	  0.0000
  1.8286	  2.8543	  0.1138	 -2.6031	  1.0000
  1.9426	  2.8543	 -0.0296	 -2.6528	  0.0000
  2.0566	  2.8543	  0.0628	 -2.5872	  1.0000
  2.1705	  2.8543	  0.0309	 -2.5889	  1.0000
  2.2845	  2.8543	  0.0100	 -2.5809	  1.0000
  2.3985	  2.8543	 -0.0131	 -2.5701	  1.0000
  2.5124	  2.8543	 -0.0415	 -2.5508	  1.0000
  2.6264	  2.8543	 -0.0786	 -2.5214	  1.0000
  2.7404	  2.8543	 -0.1026	 -2.4811	  1.0000
  2.8543	  2.8543	 -0.1820	 -2.4121	  0.0000
  2.9683	  2.8543	 -0.1802	 -2.4078	  0.0000
  3.0823	  2.8543	 -0.1584	 -2.4465	  1.0000
  3.1962	  2.8543	 -0.1508	 -2.4842	  1.0000
  3.3102	  2.8543	 -0.3092	 -2.4289	  0.0000
  3.4242	  2.8543	 -0.1564	 -2.5514	  1.0000
  3.5381	  2.8543	 -0.1326	 -2.6257	  0.0000
  3.6521	  2.8543	 -0.1844	 -2.5898	  1.0000
  3.7661	  2.8543	 -0.1942	 -2.5922	  1.0000
  3.8800	  2.8543	 -0.1484	 -2.5623	  0.0000
  3.9940	  2.8543	 -0.1684	 -2.5524	  0.0000
  4.1080	  2.8543	 -0.1460	 -2.5830	  1.0000
  4.2219	  2.8543	 -0.2355	 -2.6613	  0.0000
  4.3359	  2.8543	 -0.0833	 -2.4762	  0.0000
  4.4499	  2.8543	 -0.0694	 -2.5021	  0.0000
  4.5638	  2.8543	 -0.0717	 -2.5323	  0.0000
  4.6778	  2.8543	 -0.0979	 -2.5251	  0.0000
  4.7918	  2.8543	 -0.0678	 -2.5452	  0.0000
  4.9057	  2.8543	 -0.0009	 -2.4684	  0.0000
  5.0197	  2.8543	 -0.0062	 -2.4901	  0.0000
  5.1337	  2.8543	 -0.0730	 -2.5364	  0.0000
  0.1191	  2.9683	  0.3743	 -2.6848	  1.0000
  0.2331	  2.9683	  0.3471	 -2.6844	  1.0000
  0.3471	  2.9683	  0.3444	 -2.7182	  0.0000
  0.4610	  2.9683	  0.2036	 -2.6632	  0.0000
  0.5750	  2.9683	  0.2987	 -2.6599	  1.0000
  0.6890	  2.9683	  0.2178	 -2.7526	  0.0000
  0.8029	  2.9683	  0.2816	 -2.6048	  1.0000
  0.9169	  2.9683	  0.2808	 -2.5803	  1.0000
  1.0309	  2.9683	  0.2698	 -2.5508	  1.0000
  1.1448	  2.9683	  0.2446	 -2.5367	  1.0000
  1.2588	  2.9683	  0.2273	 -2.5306	  1.0000
  1.3728	  2.9683	  0.1994	 -2.5325	  1.0000
  1.4867	  2.9683	  0.1688	 -2.5378	  1.0000
  1.6007	  2.9683	  0.2406	 -2.5855	  0.0000
  1.7147	  2.9683	  0.2106	 -2.6153	  0.0000
  1.8286	  2.9683	  0.0974	 -2.6672	  0.0000
  1.9426	  2.9683	  0.0719	 -2.5535	  1.0000
  2.0566	  2.9683	  0.0487	 -2.5510	  1.0000
  2.1705	  2.9683	  0.0321	 -2.5736	  1.0000
  2.2845	  2.9683	 -0.0894	 -2.4716	  0.0000
  2.3985	  2.9683	 -0.0074	 -2.5687	  1.0000
  2.5124	  2.9683	 -0.0372	 -2.5567	  1.0000
  2.6264	  2.9683	 -0.0561	 -2.5457	  1.0000
  2.7404	  2.9683	 -0.2470	 -2.5405	  0.0000
  2.8543	  2.9683	 -0.1787	 -2.5180	  0.0000
  2.9683	  2.9683	 -0.1197	 -2.4807	  1.0000
  3.0823	  2.9683	 -0.1367	 -2.4768	  1.0000
  3.1962	  2.9683	 -0.1519	 -2.4824	  1.0000
  3.3102	  2.9683	 -0.1597	 -2.5045	  1.0000
  3.4242	  2.9683	 -0.1744	 -2.5254	  1.0000
  3.5381	  2.9683	 -0.1046	 -2.5781	  0.0000
  3.6521	  2.9683	 -0.0498	 -2.5623	  0.0000
  3.7661	  2.9683	 -0.1790	 -2.4449	  0.0000
  3.8800	  2.9683	 -0.2119	 -2.5083	  0.0000
  3.9940	  2.9683	 -0.1929	 -2.5863	  1.0000
  4.1080	  2.9683	 -0.1615	 -2.6524	  0.0000
  4.2219	  2.9683	 -0.0449	 -2.5478	  0.0000
  4.3359	  2.9683	 -0.0478	 -2.4875	  0.0000
  4.4499	  2.9683	 -0.1224	 -2.4878	  0.0000
  4.5638	  2.9683	 -0.1674	 -2.4387	  0.0000
  4.6778	  2.9683	 -0.0424	 -2.4619	  1.0000
  4.7918	  2.9683	 -0.1055	 -2.3880	  0.0000
  4.9057	  2.9683	 -0.0261	 -2.4349	  0.0000
  5.0197	  2.9683	 -0.0010	 -2.5033	  0.0000
  5.1337	  2.9683	 -0.0041	 -2.5780	  0.0000
  0.1191	  3.0823	  0.4002	 -2.6926	  1.0000
  0.2331	  3.0823	  0.3706	 -2.6877	  1.0000
  0.3471	  3.0823	  0.3551	 -2.6769	  1.0000
  0.4610	  3.0823	  0.3168	 -2.6614	  1.0000
  0.5750	  3.0823	  0.3084	 -2.6375	  1.0000
  0.6890	  3.0823	  0.3076	 -2.6186	  1.0000
  0.8029	  3.0823	  0.2985	 -2.5989	  1.0000
  0.9169	  3.0823	  0.2775	 -2.5824	  1.0000
  1.0309	  3.0823	  0.2343	 -2.5654	  1.0000
  1.1448	  3.0823	  0.1896	 -2.5531	  1.0000
  1.2588	  3.0823	  0.0498	 -2.4444	  0.0000
  1.3728	  3.0823	  0.1303	 -2.5273	  1.0000
  1.4867	  3.0823	  0.1103	 -2.5180	  1.0000
  1.6007	  3.0823	  0.1131	 -2.5161	  1.0000
  1.7147	  3.0823	  0.1000	 -2.5090	  1.0000
  1.8286	  3.0823	  0.0821	 -2.5072	  1.0000
  1.9426	  3.0823	  0.0689	 -2.5116	  1.0000
  2.0566	  3.0823	  0.0557	 -2.5139	  1.0000
  2.1705	  3.0823	  0.0467	 -2.5348	  1.0000
  2.2845	  3.0823	  0.0370	 -2.5382	  1.0000
  2.3985	  3.0823	  0.0858	 -2.6598	  0.0000
  2.5124	  3.0823	 -0.0005	 -2.5315	  1.0000
  2.6264	  3.0823	 -0.0201	 -2.5287	  1.0000
  2.7404	  3.0823	 -0.0509	 -2.5036	  1.0000
  2.8543	  3.0823	 -0.0762	 -2.4951	  1.0000
  2.9683	  3.0823	 -0.1040	 -2.4947	  1.0000
  3.0823	  3.0823	 -0.1336	 -2.4904	  1.0000
  3.1962	  3.0823	 -0.1531	 -2.4917	  1.0000
  3.3102	  3.0823	 -0.1658	 -2.5103	  1.0000
  3.4242	  3.0823	 -0.1798	 -2.4668	  0.0000
  3.5381	  3.0823	 -0.1794	 -2.5407	  1.0000
  3.6521	  3.0823	 -0.1804	 -2.5625	  1.0000
  3.7661	  3.0823	 -0.1924	 -2.5787	  1.0000
  3.8800	  3.0823	 -0.1730	 -2.5994	  0.0000
  3.9940	  3.0823	 -0.1716	 -2.5658	  0.0000
  4.1080	  3.0823	 -0.1365	 -2.5440	  0.0000
  4.2219	  3.0823	 -0.1561	 -2.5648	  1.0000
  4.3359	  3.0823	 -0.1290	 -2.5342	  1.0000
  4.4499	  3.0823	 -0.1420	 -2.5561	  0.0000
  4.5638	  3.0823	 -0.1284	 -2.4193	  0.0000
  4.6778	  3.0823	 -0.1150	 -2.2640	  0.0000
  4.7918	  3.0823	 -0.0742	 -2.3280	  0.0000
  4.9057	  3.0823	  0.0382	 -2.3466	  0.0000
  5.0197	  3.0823	  0.0632	 -2.5076	  1.0000
  5.1337	  3.0823	  0.0843	 -2.5189	  1.0000
  0.1191	  3.1962	  0.4028	 -2.6880	  1.0000
  0.2331	  3.1962	  0.3738	 -2.6755	  1.0000
  0.3471	  3.1962	  0.3575	 -2.6641	  1.0000
  0.4610	  3.1962	  0.3155	 -2.6418	  1.0000
  0.5750	  3.1962	  0.2990	 -2.6163	  1.0000
  0.6890	  3.1962	  0.2936	 -2.6046	  1.0000
  0.8029	  3.1962	  0.2796	 -2.5952	  1.0000
  0.9169	  3.1962	  0.2534	 -2.5837	  1.0000
  1.0309	  3.1962	  0.2051	 -2.5798	  1.0000
  1.1448	  3.1962	  0.1075	 -2.5031	  0.0000
  1.2588	  3.1962	 -0.0338	 -2.5658	  0.0000
  1.3728	  3.1962	  0.0777	 -2.5400	  1.0000
  1.4867	  3.1962	  0.0610	 -2.5227	  1.0000
  1.6007	  3.1962	  0.0502	 -2.4291	  0.0000
  1.7147	  3.1962	  0.0749	 -2.4690	  1.0000
  1.8286	  3.1962	  0.0461	 -2.3351	  0.0000
  1.9426	  3.1962	  0.0095	 -2.4531	  0.0000
  2.0566	  3.1962	  0.0827	 -2.4553	  1.0000
  2.1705	  3.1962	  0.0773	 -2.4911	  1.0000
  2.2845	  3.1962	  0.0613	 -2.5055	  1.0000
  2.3985	  3.1962	  0.0586	 -2.7420	  0.0000
  2.5124	  3.1962	  0.0133	 -2.5161	  1.0000
  2.6264	  3.1962	 -0.0095	 -2.5230	  1.0000
  2.7404	  3.1962	 -0.0378	 -2.5058	  1.0000
  2.8543	  3.1962	  0.1095	 -2.5739	  0.0000
  2.9683	  3.1962	 -0.0918	 -2.5111	  1.0000
  3.0823	  3.1962	 -0.1175	 -2.5111	  1.0000
  3.1962	  3.1962	 -0.1417	 -2.5096	  1.0000
  3.3102	  3.1962	 -0.1877	 -2.4235	  0.0000
  3.4242	  3.1962	 -0.1800	 -2.4507	  0.0000
  3.5381	  3.1962	 -0.2472	 -2.5238	  0.0000
  3.6521	  3.1962	 -0.1814	 -2.5661	  1.0000
  3.7661	  3.1962	 -0.1937	 -2.5897	  1.0000
  3.8800	  3.1962	 -0.2792	 -2.6408	  0.0000
  3.9940	  3.1962	 -0.3303	 -2.5490	  0.0000
  4.1080	  3.1962	 -0.1712	 -2.6108	  1.0000
  4.2219	  3.1962	 -0.1537	 -2.5915	  1.0000
  4.3359	  3.1962	 -0.1254	 -2.5546	  1.0000
  4.4499	  3.1962	 -0.1204	 -2.4251	  0.0000
  4.5638	  3.1962	 -0.0356	 -2.3710	  0.0000
  4.6778	  3.1962	  0.0894	 -2.3398	  0.0000
  4.7918	  3.1962	  0.0510	 -2.4924	  1.0000
  4.9057	  3.1962	  0.0973	 -2.5206	  1.0000
  5.0197	  3.1962	  0.1197	 -2.5431	  1.0000
  5.1337	  3.1962	  0.1443	 -2.5613	  1.0000
  0.1191	  3.3102	  0.8252	 -2.6258	  0.0000
  0.2331	  3.3102	  0.4358	 -2.9273	  0.0000
  0.3471	  3.3102	  0.3451	 -2.6445	  1.0000
  0.4610	  3.3102	  0.3037	 -2.6168	  1.0000
  0.5750	  3.3102	  0.2846	 -2.5933	  1.0000
  0.6890	  3.3102	  0.3488	 -2.3730	  0.0000
  0.8029	  3.3102	  0.3880	 -2.5754	  0.0000
  0.9169	  3.3102	  0.5574	 -2.6725	  0.0000
  1.0309	  3.3102	  0.1925	 -2.6185	  1.0000
  1.1448	  3.3102	  0.1365	 -2.6143	  1.0000
  1.2588	  3.3102	 -0.0775	 -2.5998	  0.0000
  1.3728	  3.3102	 -0.0921	 -2.5938	  0.0000
  1.4867	  3.3102	  0.0208	 -2.5158	  1.0000
  1.6007	  3.3102	  0.0435	 -2.4220	  0.0000
  1.7147	  3.3102	 -0.0311	 -2.3638	  0.0000
  1.8286	  3.3102	  0.0725	 -2.4029	  1.0000
  1.9426	  3.3102	  0.0946	 -2.4030	  1.0000
  2.0566	  3.3102	  0.1085	 -2.4140	  1.0000
  2.1705	  3.3102	  0.1059	 -2.4655	  1.0000
  2.2845	  3.3102	  0.0922	 -2.4842	  1.0000
  2.3985	  3.3102	  0.0651	 -2.4983	  1.0000
  2.5124	  3.3102	  0.0370	 -2.5046	  1.0000
  2.6264	  3.3102	  0.1235	 -2.3793	  0.0000
  2.7404	  3.3102	  0.1963	 -2.4800	  0.0000
  2.8543	  3.3102	 -0.0524	 -2.5114	  1.0000
  2.9683	  3.3102	 -0.0837	 -2.5196	  1.0000
  3.0823	  3.3102	 -0.1154	 -2.5234	  1.0000
  3.1962	  3.3102	 -0.1383	 -2.5209	  1.0000
  3.3102	  3.3102	 -0.1596	 -2.5352	  1.0000
  3.4242	  3.3102	 -0.1753	 -2.5507	  1.0000
  3.5381	  3.3102	 -0.2349	 -2.6095	  0.0000
  3.6521	  3.3102	 -0.1880	 -2.5913	  1.0000
  3.7661	  3.3102	 -0.1945	 -2.6167	  0.0000
  3.8800	  3.3102	 -0.1958	 -2.6364	  1.0000
  3.9940	  3.3102	 -0.3022	 -2.6941	  0.0000
  4.1080	  3.3102	 -0.2398	 -2.6953	  0.0000
  4.2219	  3.3102	 -0.1540	 -2.6236	  1.0000
  4.3359	  3.3102	 -0.2158	 -2.5279	  0.0000
  4.4499	  3.3102	 -0.0817	 -2.5451	  1.0000
  4.5638	  3.3102	 -0.0861	 -2.4234	  0.0000
  4.6778	  3.3102	  0.0690	 -2.5142	  0.0000
  4.7918	  3.3102	  0.1954	 -2.6152	  0.0000
  4.9057	  3.3102	  0.2583	 -2.6120	  0.0000
  5.0197	  3.3102	  0.3524	 -2.5953	  0.0000
  5.1337	  3.3102	  0.2183	 -2.5677	  0.0000
  0.1191	  3.4242	  0.3961	 -2.6659	  1.0000
  0.2331	  3.4242	  0.3699	 -2.6518	  1.0000
  0.3471	  3.4242	  0.3344	 -2.6320	  1.0000
  0.4610	  3.4242	  0.2913	 -2.6059	  1.0000
  0.5750	  3.4242	  0.2698	 -2.5862	  1.0000
  0.6890	  3.4242	  0.1817	 -2.4511	  0.0000
  0.8029	  3.4242	  0.2398	 -2.6160	  0.0000
  0.9169	  3.4242	  0.2334	 -2.6255	  1.0000
  1.0309	  3.4242	  0.1816	 -2.6413	  1.0000
  1.1448	  3.4242	  0.1302	 -2.5993	  0.0000
  1.2588	  3.4242	 -0.0231	 -2.5603	  0.0000
  1.3728	  3.4242	 -0.0951	 -2.6434	  0.0000
  1.4867	  3.4242	 -0.0003	 -2.5882	  0.0000
  1.6007	  3.4242	 -0.0390	 -2.5220	  0.0000
  1.7147	  3.4242	  0.0363	 -2.4158	  1.0000
  1.8286	  3.4242	  0.0455	 -2.1585	  0.0000
  1.9426	  3.4242	  0.1233	 -2.2017	  0.0000
  2.0566	  3.4242	  0.3784	 -2.3124	  0.0000
  2.1705	  3.4242	  0.1161	 -2.4383	  1.0000
  2.2845	  3.4242	  0.2008	 -2.4386	  0.0000
  2.3985	  3.4242	  0.0075	 -2.4989	  0.0000
  2.5124	  3.4242	 -0.0454	 -2.3732	  0.0000
  2.6264	  3.4242	 -0.0040	 -2.5046	  1.0000
  2.7404	  3.4242	 -0.0398	 -2.5047	  1.0000
  2.8543	  3.4242	 -0.0702	 -2.5130	  1.0000
  2.9683	  3.4242	 -0.0982	 -2.5328	  1.0000
  3.0823	  3.4242	 -0.1239	 -2.5451	  1.0000
  3.1962	  3.4242	 -0.1365	 -2.5450	  1.0000
  3.3102	  3.4242	 -0.1486	 -2.5619	  1.0000
  3.4242	  3.4242	 -0.1628	 -2.5803	  1.0000
  3.5381	  3.4242	 -0.1723	 -2.5893	  1.0000
  3.6521	  3.4242	 -0.2464	 -2.5954	  0.0000
  3.7661	  3.4242	 -0.1631	 -2.5405	  0.0000
  3.8800	  3.4242	 -0.0966	 -2.7049	  0.0000
  3.9940	  3.4242	 -0.1822	 -2.7672	  0.0000
  4.1080	  3.4242	 -0.1762	 -2.7854	  0.0000
  4.2219	  3.4242	 -0.1339	 -2.6659	  1.0000
  4.3359	  3.4242	 -0.0983	 -2.6321	  1.0000
  4.4499	  3.4242	 -0.0515	 -2.5920	  1.0000
  4.5638	  3.4242	 -0.0561	 -2.5890	  0.0000
  4.6778	  3.4242	  0.0372	 -2.5733	  0.0000
  4.7918	  3.4242	  0.1620	 -2.6199	  0.0000
  4.9057	  3.4242	  0.2293	 -2.6691	  0.0000
  5.0197	  3.4242	  0.3515	 -2.7395	  0.0000
  5.1337	  3.4242	  0.2393	 -2.7211	  0.0000
  0.1191	  3.5381	  0.4004	 -2.6633	  1.0000
  0.2331	  3.5381	  0.3716	 -2.6479	  1.0000
  0.3471	  3.5381	  0.3304	 -2.6258	  1.0000
  0.4610	  3.5381	  0.2819	 -2.5973	  1.0000
  0.5750	  3.5381	 -0.1282	 -2.3883	  0.0000
  0.6890	  3.5381	  0.2593	 -2.5960	  1.0000
  0.8029	  3.5381	  0.2420	 -2.6178	  1.0000
  0.9169	  3.5381	  0.3013	 -2.9361	  0.0000
  1.0309	  3.5381	  0.2514	 -2.9077	  0.0000
  1.1448	  3.5381	  0.1280	 -2.6681	  1.0000
  1.2588	  3.5381	  0.0667	 -2.6410	  1.0000
  1.3728	  3.5381	  0.0262	 -2.5938	  1.0000
  1.4867	  3.5381	  0.0025	 -2.5458	  1.0000
  1.6007	  3.5381	 -0.0330	 -2.4672	  0.0000
  1.7147	  3.5381	 -0.0197	 -2.3823	  0.0000
  1.8286	  3.5381	  0.1204	 -2.1725	  0.0000
  1.9426	  3.5381	  0.0968	 -2.3592	  1.0000
  2.0566	  3.5381	  0.1299	 -2.3764	  1.0000
  2.1705	  3.5381	  0.3423	 -2.4292	  0.0000
  2.2845	  3.5381	  0.1170	 -2.4474	  1.0000
  2.3985	  3.5381	  0.0840	 -2.4643	  1.0000
  2.5124	  3.5381	  0.0473	 -2.4722	  1.0000
  2.6264	  3.5381	 -0.0116	 -2.4877	  1.0000
  2.7404	  3.5381	 -0.0812	 -2.5234	  0.0000
  2.8543	  3.5381	 -0.1296	 -2.6213	  0.0000
  2.9683	  3.5381	 -0.1088	 -2.5355	  1.0000
  3.0823	  3.5381	 -0.1779	 -2.4690	  0.0000
  3.1962	  3.5381	 -0.1347	 -2.5610	  1.0000
  3.3102	  3.5381	 -0.1421	 -2.5815	  1.0000
  3.4242	  3.5381	 -0.0957	 -2.6036	  0.0000
  3.5381	  3.5381	 -0.1838	 -2.6870	  0.0000
  3.6521	  3.5381	 -0.2648	 -2.6100	  0.0000
  3.7661	  3.5381	 -0.2149	 -2.5676	  0.0000
  3.8800	  3.5381	 -0.1255	 -2.7804	  0.0000
  3.9940	  3.5381	 -0.1590	 -2.7017	  1.0000
  4.1080	  3.5381	 -0.1351	 -2.8157	  0.0000
  4.2219	  3.5381	 -0.1223	 -2.6959	  1.0000
  4.3359	  3.5381	 -0.0926	 -2.6625	  1.0000
  4.4499	  3.5381	 -0.0683	 -2.6901	  0.0000
  4.5638	  3.5381	 -0.0372	 -2.6490	  0.0000
  4.6778	  3.5381	  0.0648	 -2.6225	  1.0000
  4.7918	  3.5381	  0.0997	 -2.6970	  0.0000
  4.9057	  3.5381	  0.1699	 -2.6542	  1.0000
  5.0197	  3.5381	  0.2929	 -2.7682	  0.0000
  5.1337	  3.5381	  0.2731	 -2.8083	  0.0000
  0.1191	  3.6521	  0.3553	 -2.6403	  1.0000
  0.2331	  3.6521	  0.3362	 -2.6293	  1.0000
  0.3471	  3.6521	  0.2941	 -2.6072	  1.0000
  0.4610	  3.6521	  0.2612	 -2.5861	  1.0000
  0.5750	  3.6521	  0.2349	 -2.5821	  1.0000
  0.6890	  3.6521	  0.2201	 -2.6059	  1.0000
  0.8029	  3.6521	  0.2045	 -2.6349	  1.0000
  0.9169	  3.6521	  0.2047	 -2.6613	  1.0000
  1.0309	  3.6521	  0.1686	 -2.6751	  1.0000
  1.1448	  3.6521	  0.1228	 -2.6842	  1.0000
  1.2588	  3.6521	  0.0768	 -2.6585	  1.0000
  1.3728	  3.6521	  0.0682	 -2.7678	  0.0000
  1.4867	  3.6521	  0.0477	 -2.7038	  0.0000
  1.6007	  3.6521	  0.0146	 -2.4867	  1.0000
  1.7147	  3.6521	  0.0571	 -2.4440	  0.0000
  1.8286	  3.6521	 -0.0123	 -2.4085	  0.0000
  1.9426	  3.6521	  0.0253	 -2.2217	  0.0000
  2.0566	  3.6521	  0.0654	 -2.3024	  0.0000
  2.1705	  3.6521	  0.0797	 -2.5115	  0.0000
  2.2845	  3.6521	  0.2949	 -2.5806	  0.0000
  2.3985	  3.6521	  0.0838	 -2.4636	  1.0000
  2.5124	  3.6521	  0.0288	 -2.4732	  1.0000
  2.6264	  3.6521	 -0.0850	 -2.3712	  0.0000
  2.7404	  3.6521	 -0.1656	 -2.4941	  0.0000
  2.8543	  3.6521	 -0.2215	 -2.6151	  0.0000
  2.9683	  3.6521	 -0.2148	 -2.5724	  0.0000
  3.0823	  3.6521	 -0.1427	 -2.4979	  0.0000
  3.1962	  3.6521	 -0.1360	 -2.6259	  0.0000
  3.3102	  3.6521	 -0.1310	 -2.7136	  0.0000
  3.4242	  3.6521	 -0.0664	 -2.6465	  0.0000
  3.5381	  3.6521	 -0.0633	 -2.6842	  0.0000
  3.6521	  3.6521	 -0.1505	 -2.6426	  1.0000
  3.7661	  3.6521	 -0.1591	 -2.6730	  1.0000
  3.8800	  3.6521	 -0.0918	 -2.7341	  0.0000
  3.9940	  3.6521	 -0.1137	 -2.8175	  0.0000
  4.1080	  3.6521	 -0.1237	 -2.7952	  0.0000
  4.2219	  3.6521	 -0.0968	 -2.7221	  1.0000
  4.3359	  3.6521	  0.0538	 -2.7403	  0.0000
  4.4499	  3.6521	  0.0477	 -2.7478	  0.0000
  4.5638	  3.6521	  0.0167	 -2.6516	  1.0000
  4.6778	  3.6521	  0.0627	 -2.6494	  1.0000
  4.7918	  3.6521	  0.1101	 -2.6569	  1.0000
  4.9057	  3.6521	  0.1536	 -2.6787	  1.0000
  5.0197	  3.6521	 -0.0063	 -2.6345	  0.0000
  5.1337	  3.6521	  0.0644	 -2.6876	  0.0000
