  0.1243	  0.1243	 -0.0142	 -3.5873	  1.0000
  0.2487	  0.1243	 -0.0144	 -3.5329	  1.0000
  0.3730	  0.1243	 -0.0017	 -3.4779	  1.0000
  0.4973	  0.1243	 -0.0023	 -3.3318	  1.0000
  0.6216	  0.1243	  0.0584	 -3.2212	  1.0000
  0.7460	  0.1243	 -0.0999	 -3.0044	  0.0000
  0.8703	  0.1243	  0.0957	 -3.1272	  0.0000
  0.9946	  0.1243	  0.9183	 -2.8774	  1.0000
  1.1189	  0.1243	  1.5907	 -2.8475	  1.0000
  1.2433	  0.1243	  2.4274	 -2.7927	  1.0000
  1.3676	  0.1243	  3.3351	 -2.7608	  1.0000
  1.4919	  0.1243	  4.3978	 -2.7577	  1.0000
  1.6162	  0.1243	  5.3412	 -2.7347	  1.0000
  1.7406	  0.1243	  6.2532	 -2.7158	  1.0000
  1.8649	  0.1243	  7.0697	 -2.6926	  1.0000
  1.9892	  0.1243	  7.8070	 -2.6725	  1.0000
  2.1136	  0.1243	  8.4521	 -2.6552	  1.0000
  2.2379	  0.1243	  9.0065	 -2.6418	  1.0000
  2.3622	  0.1243	  9.4640	 -2.6321	  1.0000
  2.4865	  0.1243	  9.8306	 -2.6256	  1.0000
  2.6109	  0.1243	 10.1163	 -2.6215	  1.0000
  2.7352	  0.1243	 10.3344	 -2.6192	  1.0000
  2.8595	  0.1243	 10.4885	 -2.6180	  1.0000
  2.9838	  0.1243	 10.5984	 -2.6175	  1.0000
  3.1082	  0.1243	 10.6784	 -2.6173	  1.0000
  3.2325	  0.1243	 10.7388	 -2.6173	  1.0000
  3.3568	  0.1243	 10.7616	 -2.6173	  1.0000
  3.4811	  0.1243	 10.7851	 -2.6173	  1.0000
  3.6055	  0.1243	 10.8094	 -2.6174	  1.0000
  3.7298	  0.1243	 10.8345	 -2.6175	  1.0000
  3.8541	  0.1243	     nan	     nan	  1.0000
  3.9785	  0.1243	     nan	     nan	  1.0000
  4.1028	  0.1243	     nan	     nan	  1.0000
  4.2271	  0.1243	     nan	     nan	  1.0000
  4.3514	  0.1243	     nan	     nan	  1.0000
  4.4758	  0.1243	     nan	     nan	  1.0000
  4.6001	  0.1243	     nan	     nan	  1.0000
  4.7244	  0.1243	     nan	     nan	  1.0000
  4.8487	  0.1243	     nan	     nan	  1.0000
  4.9731	  0.1243	     nan	     nan	  1.0000
  5.0974	  0.1243	     nan	     nan	  1.0000
  0.1243	  0.2487	 -0.0082	 -3.6624	  1.0000
  0.2487	  0.2487	 -0.0070	 -3.6078	  1.0000
  0.3730	  0.2487	  0.0079	 -3.5521	  1.0000
  0.4973	  0.2487	 -0.0152	 -3.3725	  1.0000
  0.6216	  0.2487	  0.0519	 -3.2532	  1.0000
  0.7460	  0.2487	 -0.2358	 -2.5326	  0.0000
  0.8703	  0.2487	  0.4019	 -2.9713	  1.0000
  0.9946	  0.2487	  0.9016	 -2.8712	  1.0000
  1.1189	  0.2487	  1.6266	 -2.8649	  1.0000
  1.2433	  0.2487	  2.4898	 -2.8079	  1.0000
  1.3676	  0.2487	  3.3954	 -2.7727	  1.0000
  1.4919	  0.2487	  4.5236	 -2.7811	  1.0000
  1.6162	  0.2487	  5.4531	 -2.7565	  1.0000
  1.7406	  0.2487	  6.3448	 -2.7344	  1.0000
  1.8649	  0.2487	  7.1365	 -2.7082	  1.0000
  1.9892	  0.2487	  7.8633	 -2.6842	  1.0000
  2.1136	  0.2487	  8.4986	 -2.6636	  1.0000
  2.2379	  0.2487	  9.0447	 -2.6475	  1.0000
  2.3622	  0.2487	  9.4947	 -2.6359	  1.0000
  2.4865	  0.2487	  9.8546	 -2.6279	  1.0000
  2.6109	  0.2487	 10.1346	 -2.6230	  1.0000
  2.7352	  0.2487	 10.3479	 -2.6201	  1.0000
  2.8595	  0.2487	 10.4983	 -2.6185	  1.0000
  2.9838	  0.2487	 10.6053	 -2.6177	  1.0000
  3.1082	  0.2487	 10.6831	 -2.6174	  1.0000
  3.2325	  0.2487	 10.7418	 -2.6174	  1.0000
  3.3568	  0.2487	 10.7639	 -2.6174	  1.0000
  3.4811	  0.2487	 10.7867	 -2.6174	  1.0000
  3.6055	  0.2487	 10.8102	 -2.6174	  1.0000
  3.7298	  0.2487	 10.8345	 -2.6175	  1.0000
  3.8541	  0.2487	     nan	     nan	  1.0000
  3.9785	  0.2487	     nan	     nan	  1.0000
  4.1028	  0.2487	     nan	     nan	  1.0000
  4.2271	  0.2487	     nan	     nan	  1.0000
  4.3514	  0.2487	     nan	     nan	  1.0000
  4.4758	  0.2487	     nan	     nan	  1.0000
  4.6001	  0.2487	     nan	     nan	  1.0000
  4.7244	  0.2487	     nan	     nan	  1.0000
  4.8487	  0.2487	     nan	     nan	  1.0000
  4.9731	  0.2487	     nan	     nan	  1.0000
  5.0974	  0.2487	     nan	     nan	  1.0000
  0.1243	  0.3730	 -0.0008	 -3.7654	  1.0000
  0.2487	  0.3730	  0.0015	 -3.7165	  1.0000
  0.3730	  0.3730	  0.0161	 -3.6186	  1.0000
  0.4973	  0.3730	  0.0082	 -3.4617	  1.0000
  0.6216	  0.3730	  0.0800	 -3.3428	  1.0000
  0.7460	  0.3730	  0.2892	 -3.2124	  1.0000
  0.8703	  0.3730	  0.4074	 -3.0374	  1.0000
  0.9946	  0.3730	  0.9287	 -2.9718	  1.0000
  1.1189	  0.3730	 -0.0552	 -2.5048	  0.0000
  1.2433	  0.3730	  2.5539	 -2.8619	  1.0000
  1.3676	  0.3730	  3.4641	 -2.8117	  1.0000
  1.4919	  0.3730	  4.6437	 -2.8252	  1.0000
  1.6162	  0.3730	  5.5646	 -2.7907	  1.0000
  1.7406	  0.3730	  6.4398	 -2.7622	  1.0000
  1.8649	  0.3730	  7.2117	 -2.7302	  1.0000
  1.9892	  0.3730	  7.9271	 -2.7006	  1.0000
  2.1136	  0.3730	  8.5520	 -2.6754	  1.0000
  2.2379	  0.3730	  9.0890	 -2.6557	  1.0000
  2.3622	  0.3730	  9.5306	 -2.6413	  1.0000
  2.4865	  0.3730	  9.8830	 -2.6314	  1.0000
  2.6109	  0.3730	 10.1564	 -2.6250	  1.0000
  2.7352	  0.3730	 10.3640	 -2.6213	  1.0000
  2.8595	  0.3730	 10.5100	 -2.6192	  1.0000
  2.9838	  0.3730	 10.6137	 -2.6181	  1.0000
  3.1082	  0.3730	 10.6889	 -2.6176	  1.0000
  3.2325	  0.3730	 10.7454	 -2.6175	  1.0000
  3.3568	  0.3730	 10.7667	 -2.6174	  1.0000
  3.4811	  0.3730	 10.7886	 -2.6174	  1.0000
  3.6055	  0.3730	 10.8112	 -2.6174	  1.0000
  3.7298	  0.3730	 10.8345	 -2.6175	  1.0000
  3.8541	  0.3730	     nan	     nan	  1.0000
  3.9785	  0.3730	     nan	     nan	  1.0000
  4.1028	  0.3730	     nan	     nan	  1.0000
  4.2271	  0.3730	     nan	     nan	  1.0000
  4.3514	  0.3730	     nan	     nan	  1.0000
  4.4758	  0.3730	     nan	     nan	  1.0000
  4.6001	  0.3730	     nan	     nan	  1.0000
  4.7244	  0.3730	     nan	     nan	  1.0000
  4.8487	  0.3730	     nan	     nan	  1.0000
  4.9731	  0.3730	     nan	     nan	  1.0000
  5.0974	  0.3730	     nan	     nan	  1.0000
  0.1243	  0.4973	  0.0142	 -3.9603	  1.0000
  0.2487	  0.4973	  0.0182	 -3.9171	  1.0000
  0.3730	  0.4973	  0.0367	 -3.8227	  1.0000
  0.4973	  0.4973	  0.0456	 -3.6769	  1.0000
  0.6216	  0.4973	  0.1380	 -3.5514	  1.0000
  0.7460	  0.4973	 -0.4502	 -2.5459	  0.0000
  0.8703	  0.4973	  0.4545	 -3.1829	  1.0000
  0.9946	  0.4973	  1.3077	 -3.0674	  1.0000
  1.1189	  0.4973	  0.0206	 -2.5786	  0.0000
  1.2433	  0.4973	  2.9927	 -2.9122	  1.0000
  1.3676	  0.4973	  3.9808	 -2.8875	  1.0000
  1.4919	  0.4973	  5.1544	 -2.8816	  1.0000
  1.6162	  0.4973	  5.7626	 -2.8623	  1.0000
  1.7406	  0.4973	  6.6101	 -2.8200	  1.0000
  1.8649	  0.4973	  7.3495	 -2.7758	  1.0000
  1.9892	  0.4973	  8.0441	 -2.7349	  1.0000
  2.1136	  0.4973	  8.6501	 -2.7003	  1.0000
  2.2379	  0.4973	  9.1708	 -2.6730	  1.0000
  2.3622	  0.4973	  9.5973	 -2.6528	  1.0000
  2.4865	  0.4973	  9.9360	 -2.6387	  1.0000
  2.6109	  0.4973	 10.1973	 -2.6295	  1.0000
  2.7352	  0.4973	 10.3944	 -2.6239	  1.0000
  2.8595	  0.4973	 10.5324	 -2.6206	  1.0000
  2.9838	  0.4973	 10.6297	 -2.6189	  1.0000
  3.1082	  0.4973	 10.6999	 -2.6180	  1.0000
  3.2325	  0.4973	 10.7523	 -2.6176	  1.0000
  3.3568	  0.4973	 10.7721	 -2.6175	  1.0000
  3.4811	  0.4973	 10.7924	 -2.6174	  1.0000
  3.6055	  0.4973	 10.8131	 -2.6174	  1.0000
  3.7298	  0.4973	 10.8345	 -2.6175	  1.0000
  3.8541	  0.4973	     nan	     nan	  1.0000
  3.9785	  0.4973	     nan	     nan	  1.0000
  4.1028	  0.4973	     nan	     nan	  1.0000
  4.2271	  0.4973	     nan	     nan	  1.0000
  4.3514	  0.4973	     nan	     nan	  1.0000
  4.4758	  0.4973	     nan	     nan	  1.0000
  4.6001	  0.4973	     nan	     nan	  1.0000
  4.7244	  0.4973	     nan	     nan	  1.0000
  4.8487	  0.4973	     nan	     nan	  1.0000
  4.9731	  0.4973	     nan	     nan	  1.0000
  5.0974	  0.4973	     nan	     nan	  1.0000
  0.1243	  0.6216	  0.0323	 -4.1999	  1.0000
  0.2487	  0.6216	  0.0357	 -4.2186	  1.0000
  0.3730	  0.6216	  0.0619	 -4.1216	  1.0000
  0.4973	  0.6216	  0.0697	 -4.0740	  1.0000
  0.6216	  0.6216	  0.1034	 -2.8183	  0.0000
  0.7460	  0.6216	  0.2979	 -3.8709	  1.0000
  0.8703	  0.6216	  0.4901	 -3.6297	  1.0000
  0.9946	  0.6216	  1.3795	 -3.4948	  1.0000
  1.1189	  0.6216	 -0.0772	 -2.7035	  0.0000
  1.2433	  0.6216	  3.1457	 -3.1935	  1.0000
  1.3676	  0.6216	  4.2098	 -3.0452	  1.0000
  1.4919	  0.6216	  5.3706	 -3.0114	  1.0000
  1.6162	  0.6216	  5.9580	 -2.9661	  1.0000
  1.7406	  0.6216	  6.7748	 -2.9026	  1.0000
  1.8649	  0.6216	  7.4853	 -2.8407	  1.0000
  1.9892	  0.6216	  8.1622	 -2.7838	  1.0000
  2.1136	  0.6216	  8.7517	 -2.7361	  1.0000
  2.2379	  0.6216	  9.2570	 -2.6981	  1.0000
  2.3622	  0.6216	  9.6687	 -2.6697	  1.0000
  2.4865	  0.6216	  9.9938	 -2.6497	  1.0000
  2.6109	  0.6216	 10.2426	 -2.6362	  1.0000
  2.7352	  0.6216	 10.4287	 -2.6278	  1.0000
  2.8595	  0.6216	 10.5578	 -2.6228	  1.0000
  2.9838	  0.6216	 10.6482	 -2.6201	  1.0000
  3.1082	  0.6216	 10.7128	 -2.6186	  1.0000
  3.2325	  0.6216	 10.7605	 -2.6179	  1.0000
  3.3568	  0.6216	 10.7785	 -2.6177	  1.0000
  3.4811	  0.6216	 10.7968	 -2.6175	  1.0000
  3.6055	  0.6216	 10.8155	 -2.6174	  1.0000
  3.7298	  0.6216	 10.8345	 -2.6175	  1.0000
  3.8541	  0.6216	     nan	     nan	  1.0000
  3.9785	  0.6216	     nan	     nan	  1.0000
  4.1028	  0.6216	     nan	     nan	  1.0000
  4.2271	  0.6216	     nan	     nan	  1.0000
  4.3514	  0.6216	     nan	     nan	  1.0000
  4.4758	  0.6216	     nan	     nan	  1.0000
  4.6001	  0.6216	     nan	     nan	  1.0000
  4.7244	  0.6216	     nan	     nan	  1.0000
  4.8487	  0.6216	     nan	     nan	  1.0000
  4.9731	  0.6216	     nan	     nan	  1.0000
  5.0974	  0.6216	     nan	     nan	  1.0000
  0.1243	  0.7460	  0.0530	 -4.4759	  1.0000
  0.2487	  0.7460	  0.0618	 -4.5078	  1.0000
  0.3730	  0.7460	  0.0957	 -4.4205	  1.0000
  0.4973	  0.7460	  0.1122	 -4.3913	  1.0000
  0.6216	  0.7460	  0.2440	 -4.2875	  1.0000
  0.7460	  0.7460	  0.4009	 -4.2076	  1.0000
  0.8703	  0.7460	  0.6986	 -3.9716	  1.0000
  0.9946	  0.7460	 -0.1478	 -2.5893	  0.0000
  1.1189	  0.7460	  2.4860	 -3.6077	  1.0000
  1.2433	  0.7460	 10.8345	 -2.6175	  0.0000
  1.3676	  0.7460	  4.4959	 -3.2638	  1.0000
  1.4919	  0.7460	  5.5677	 -3.1806	  1.0000
  1.6162	  0.7460	  6.1296	 -3.1037	  1.0000
  1.7406	  0.7460	  6.9134	 -3.0126	  1.0000
  1.8649	  0.7460	  7.5997	 -2.9280	  1.0000
  1.9892	  0.7460	  8.2644	 -2.8506	  1.0000
  2.1136	  0.7460	  8.8425	 -2.7854	  1.0000
  2.2379	  0.7460	  9.3363	 -2.7333	  1.0000
  2.3622	  0.7460	  9.7363	 -2.6938	  1.0000
  2.4865	  0.7460	 10.0500	 -2.6654	  1.0000
  2.6109	  0.7460	 10.2879	 -2.6461	  1.0000
  2.7352	  0.7460	 10.4637	 -2.6336	  1.0000
  2.8595	  0.7460	 10.5845	 -2.6261	  1.0000
  2.9838	  0.7460	 10.6680	 -2.6218	  1.0000
  3.1082	  0.7460	 10.7268	 -2.6195	  1.0000
  3.2325	  0.7460	 10.7694	 -2.6183	  1.0000
  3.3568	  0.7460	 10.7855	 -2.6179	  1.0000
  3.4811	  0.7460	 10.8018	 -2.6176	  1.0000
  3.6055	  0.7460	 10.8181	 -2.6175	  1.0000
  3.7298	  0.7460	 10.8345	 -2.6175	  1.0000
  3.8541	  0.7460	     nan	     nan	  1.0000
  3.9785	  0.7460	     nan	     nan	  1.0000
  4.1028	  0.7460	     nan	     nan	  1.0000
  4.2271	  0.7460	     nan	     nan	  1.0000
  4.3514	  0.7460	     nan	     nan	  1.0000
  4.4758	  0.7460	     nan	     nan	  1.0000
  4.6001	  0.7460	     nan	     nan	  1.0000
  4.7244	  0.7460	     nan	     nan	  1.0000
  4.8487	  0.7460	     nan	     nan	  1.0000
  4.9731	  0.7460	     nan	     nan	  1.0000
  5.0974	  0.7460	     nan	     nan	  1.0000
  0.1243	  0.8703	  0.0733	 -4.7560	  1.0000
  0.2487	  0.8703	  0.0873	 -4.8009	  1.0000
  0.3730	  0.8703	  0.1283	 -4.7240	  1.0000
  0.4973	  0.8703	  0.0509	 -5.7899	  0.0000
  0.6216	  0.8703	  0.3425	 -4.6679	  1.0000
  0.7460	  0.8703	 -0.1905	 -6.1271	  0.0000
  0.8703	  0.8703	  0.9007	 -4.3837	  1.0000
  0.9946	  0.8703	 -0.1619	 -6.4631	  0.0000
  1.1189	  0.8703	  2.6600	 -3.9521	  1.0000
  1.2433	  0.8703	  3.5947	 -3.7575	  1.0000
  1.3676	  0.8703	  4.6379	 -3.5311	  1.0000
  1.4919	  0.8703	  5.6209	 -3.3920	  1.0000
  1.6162	  0.8703	  6.1782	 -3.2755	  1.0000
  1.7406	  0.8703	  6.9592	 -3.1514	  1.0000
  1.8649	  0.8703	  7.6541	 -3.0382	  1.0000
  1.9892	  0.8703	  8.3170	 -2.9363	  1.0000
  2.1136	  0.8703	  8.8940	 -2.8502	  1.0000
  2.2379	  0.8703	  9.3852	 -2.7803	  1.0000
  2.3622	  0.8703	  9.7816	 -2.7267	  1.0000
  2.4865	  0.8703	 10.0905	 -2.6873	  1.0000
  2.6109	  0.8703	 10.3227	 -2.6600	  1.0000
  2.7352	  0.8703	 10.4922	 -2.6420	  1.0000
  2.8595	  0.8703	 10.6074	 -2.6309	  1.0000
  2.9838	  0.8703	 10.6858	 -2.6244	  1.0000
  3.1082	  0.8703	 10.7398	 -2.6208	  1.0000
  3.2325	  0.8703	 10.7780	 -2.6190	  1.0000
  3.3568	  0.8703	 10.7924	 -2.6183	  1.0000
  3.4811	  0.8703	 10.8067	 -2.6178	  1.0000
  3.6055	  0.8703	 10.8208	 -2.6175	  1.0000
  3.7298	  0.8703	 10.8345	 -2.6175	  1.0000
  3.8541	  0.8703	     nan	     nan	  1.0000
  3.9785	  0.8703	     nan	     nan	  1.0000
  4.1028	  0.8703	     nan	     nan	  1.0000
  4.2271	  0.8703	     nan	     nan	  1.0000
  4.3514	  0.8703	     nan	     nan	  1.0000
  4.4758	  0.8703	     nan	     nan	  1.0000
  4.6001	  0.8703	     nan	     nan	  1.0000
  4.7244	  0.8703	     nan	     nan	  1.0000
  4.8487	  0.8703	     nan	     nan	  1.0000
  4.9731	  0.8703	     nan	     nan	  1.0000
  5.0974	  0.8703	     nan	     nan	  1.0000
  0.1243	  0.9946	  0.0911	 -5.0087	  1.0000
  0.2487	  0.9946	  0.1117	 -5.0578	  1.0000
  0.3730	  0.9946	  0.1623	 -5.0316	  1.0000
  0.4973	  0.9946	  0.2377	 -5.0660	  1.0000
  0.6216	  0.9946	  0.4186	 -4.9950	  1.0000
  0.7460	  0.9946	  0.5983	 -4.9388	  1.0000
  0.8703	  0.9946	  1.0780	 -4.7500	  1.0000
  0.9946	  0.9946	  1.9935	 -4.5430	  1.0000
  1.1189	  0.9946	  2.7977	 -4.2701	  1.0000
  1.2433	  0.9946	  3.6837	 -4.0598	  1.0000
  1.3676	  0.9946	  4.7026	 -3.8110	  1.0000
  1.4919	  0.9946	  5.5767	 -3.6196	  1.0000
  1.6162	  0.9946	  6.1259	 -3.4724	  1.0000
  1.7406	  0.9946	  6.9109	 -3.3154	  1.0000
  1.8649	  0.9946	  7.6246	 -3.1720	  1.0000
  1.9892	  0.9946	  8.2976	 -3.0431	  1.0000
  2.1136	  0.9946	  8.8859	 -2.9326	  1.0000
  2.2379	  0.9946	  9.3863	 -2.8418	  1.0000
  2.3622	  0.9946	  9.7901	 -2.7706	  1.0000
  2.4865	  0.9946	 10.1041	 -2.7173	  1.0000
  2.6109	  0.9946	 10.3389	 -2.6794	  1.0000
  2.7352	  0.9946	 10.5084	 -2.6539	  1.0000
  2.8595	  0.9946	 10.6225	 -2.6379	  1.0000
  2.9838	  0.9946	 10.6989	 -2.6282	  1.0000
  3.1082	  0.9946	 10.7503	 -2.6227	  1.0000
  3.2325	  0.9946	 10.7852	 -2.6199	  1.0000
  3.3568	  0.9946	 10.7984	 -2.6188	  1.0000
  3.4811	  0.9946	 10.8112	 -2.6180	  1.0000
  3.6055	  0.9946	 10.8234	 -2.6175	  1.0000
  3.7298	  0.9946	 10.8345	 -2.6175	  1.0000
  3.8541	  0.9946	     nan	     nan	  1.0000
  3.9785	  0.9946	     nan	     nan	  1.0000
  4.1028	  0.9946	     nan	     nan	  1.0000
  4.2271	  0.9946	     nan	     nan	  1.0000
  4.3514	  0.9946	     nan	     nan	  1.0000
  4.4758	  0.9946	     nan	     nan	  1.0000
  4.6001	  0.9946	     nan	     nan	  1.0000
  4.7244	  0.9946	     nan	     nan	  1.0000
  4.8487	  0.9946	     nan	     nan	  1.0000
  4.9731	  0.9946	     nan	     nan	  1.0000
  5.0974	  0.9946	     nan	     nan	  1.0000
  0.1243	  1.1189	  0.1031	 -5.2297	  1.0000
  0.2487	  1.1189	  0.1294	 -5.2815	  1.0000
  0.3730	  1.1189	  0.1853	 -5.2596	  1.0000
  0.4973	  1.1189	  0.2723	 -5.2998	  1.0000
  0.6216	  1.1189	  0.4668	 -5.2413	  1.0000
  0.7460	  1.1189	  0.7120	 -5.2446	  1.0000
  0.8703	  1.1189	  1.1721	 -5.0674	  1.0000
  0.9946	  1.1189	  1.7599	 -4.9008	  1.0000
  1.1189	  1.1189	  2.5156	 -4.6337	  1.0000
  1.2433	  1.1189	  3.3399	 -4.4178	  1.0000
  1.3676	  1.1189	  4.2555	 -4.1069	  1.0000
  1.4919	  1.1189	  5.1101	 -3.8948	  1.0000
  1.6162	  1.1189	  5.9514	 -3.6895	  1.0000
  1.7406	  1.1189	  6.7496	 -3.5025	  1.0000
  1.8649	  1.1189	  7.4918	 -3.3294	  1.0000
  1.9892	  1.1189	  8.1871	 -3.1723	  1.0000
  2.1136	  1.1189	  8.8000	 -3.0351	  1.0000
  2.2379	  1.1189	  9.3231	 -2.9200	  1.0000
  2.3622	  1.1189	  9.7478	 -2.8279	  1.0000
  2.4865	  1.1189	 10.0793	 -2.7574	  1.0000
  2.6109	  1.1189	 10.3277	 -2.7060	  1.0000
  2.7352	  1.1189	 10.5062	 -2.6706	  1.0000
  2.8595	  1.1189	 10.6256	 -2.6479	  1.0000
  2.9838	  1.1189	 10.7047	 -2.6338	  1.0000
  3.1082	  1.1189	 10.7566	 -2.6255	  1.0000
  3.2325	  1.1189	 10.7901	 -2.6212	  1.0000
  3.3568	  1.1189	 10.8029	 -2.6196	  1.0000
  3.4811	  1.1189	 10.8149	 -2.6183	  1.0000
  3.6055	  1.1189	 10.8257	 -2.6175	  1.0000
  3.7298	  1.1189	 10.8345	 -2.6175	  1.0000
  3.8541	  1.1189	     nan	     nan	  1.0000
  3.9785	  1.1189	     nan	     nan	  1.0000
  4.1028	  1.1189	     nan	     nan	  1.0000
  4.2271	  1.1189	     nan	     nan	  1.0000
  4.3514	  1.1189	     nan	     nan	  1.0000
  4.4758	  1.1189	     nan	     nan	  1.0000
  4.6001	  1.1189	     nan	     nan	  1.0000
  4.7244	  1.1189	     nan	     nan	  1.0000
  4.8487	  1.1189	     nan	     nan	  1.0000
  4.9731	  1.1189	     nan	     nan	  1.0000
  5.0974	  1.1189	     nan	     nan	  1.0000
  0.1243	  1.2433	  0.1081	 -5.4111	  1.0000
  0.2487	  1.2433	  0.1427	 -5.4113	  1.0000
  0.3730	  1.2433	  0.1992	 -5.4014	  1.0000
  0.4973	  1.2433	  0.3187	 -5.3830	  1.0000
  0.6216	  1.2433	  0.5151	 -5.3341	  1.0000
  0.7460	  1.2433	  0.8207	 -5.2569	  1.0000
  0.8703	  1.2433	  1.2430	 -5.1366	  1.0000
  0.9946	  1.2433	  1.7839	 -4.9851	  1.0000
  1.1189	  1.2433	  2.4486	 -4.7944	  1.0000
  1.2433	  1.2433	  3.2027	 -4.5858	  1.0000
  1.3676	  1.2433	  3.9994	 -4.3645	  1.0000
  1.4919	  1.2433	  4.8290	 -4.1426	  1.0000
  1.6162	  1.2433	  5.6644	 -3.9206	  1.0000
  1.7406	  1.2433	  6.4772	 -3.7097	  1.0000
  1.8649	  1.2433	  7.2507	 -3.5098	  1.0000
  1.9892	  1.2433	  7.9755	 -3.3250	  1.0000
  2.1136	  1.2433	  8.6235	 -3.1598	  1.0000
  2.2379	  1.2433	  9.1827	 -3.0180	  1.0000
  2.3622	  1.2433	  9.6428	 -2.9017	  1.0000
  2.4865	  1.2433	 10.0061	 -2.8103	  1.0000
  2.6109	  1.2433	 10.2812	 -2.7419	  1.0000
  2.7352	  1.2433	 10.4796	 -2.6937	  1.0000
  2.8595	  1.2433	 10.6128	 -2.6619	  1.0000
  2.9838	  1.2433	 10.7006	 -2.6418	  1.0000
  3.1082	  1.2433	 10.7573	 -2.6296	  1.0000
  3.2325	  1.2433	 10.7920	 -2.6232	  1.0000
  3.3568	  1.2433	 10.8055	 -2.6207	  1.0000
  3.4811	  1.2433	 10.8176	 -2.6187	  1.0000
  3.6055	  1.2433	 10.8277	 -2.6175	  1.0000
  3.7298	  1.2433	 10.8345	 -2.6175	  1.0000
  3.8541	  1.2433	     nan	     nan	  1.0000
  3.9785	  1.2433	     nan	     nan	  1.0000
  4.1028	  1.2433	     nan	     nan	  1.0000
  4.2271	  1.2433	     nan	     nan	  1.0000
  4.3514	  1.2433	     nan	     nan	  1.0000
  4.4758	  1.2433	     nan	     nan	  1.0000
  4.6001	  1.2433	     nan	     nan	  1.0000
  4.7244	  1.2433	     nan	     nan	  1.0000
  4.8487	  1.2433	     nan	     nan	  1.0000
  4.9731	  1.2433	     nan	     nan	  1.0000
  5.0974	  1.2433	     nan	     nan	  1.0000
  0.1243	  1.3676	  0.1050	 -5.5534	  1.0000
  0.2487	  1.3676	  0.1399	 -5.5515	  1.0000
  0.3730	  1.3676	  0.1948	 -5.5424	  1.0000
  0.4973	  1.3676	  0.3132	 -5.5244	  1.0000
  0.6216	  1.3676	  0.5000	 -5.4829	  1.0000
  0.7460	  1.3676	  0.7735	 -5.4175	  1.0000
  0.8703	  1.3676	  1.1485	 -5.3170	  1.0000
  0.9946	  1.3676	  1.6292	 -5.1862	  1.0000
  1.1189	  1.3676	  2.2166	 -5.0186	  1.0000
  1.2433	  1.3676	  2.8940	 -4.8275	  1.0000
  1.3676	  1.3676	  3.6448	 -4.6158	  1.0000
  1.4919	  1.3676	  4.4441	 -4.3933	  1.0000
  1.6162	  1.3676	  5.2688	 -4.1633	  1.0000
  1.7406	  1.3676	  6.0942	 -3.9358	  1.0000
  1.8649	  1.3676	  6.8971	 -3.7136	  1.0000
  1.9892	  1.3676	  7.6536	 -3.5034	  1.0000
  2.1136	  1.3676	  8.3438	 -3.3105	  1.0000
  2.2379	  1.3676	  8.9505	 -3.1402	  1.0000
  2.3622	  1.3676	  9.4598	 -2.9967	  1.0000
  2.4865	  1.3676	  9.8702	 -2.8807	  1.0000
  2.6109	  1.3676	 10.1871	 -2.7912	  1.0000
  2.7352	  1.3676	 10.4191	 -2.7263	  1.0000
  2.8595	  1.3676	 10.5769	 -2.6825	  1.0000
  2.9838	  1.3676	 10.6819	 -2.6538	  1.0000
  3.1082	  1.3676	 10.7495	 -2.6360	  1.0000
  3.2325	  1.3676	 10.7894	 -2.6264	  1.0000
  3.3568	  1.3676	 10.8051	 -2.6225	  1.0000
  3.4811	  1.3676	 10.8188	 -2.6194	  1.0000
  3.6055	  1.3676	 10.8293	 -2.6175	  1.0000
  3.7298	  1.3676	 10.8345	 -2.6175	  1.0000
  3.8541	  1.3676	     nan	     nan	  1.0000
  3.9785	  1.3676	     nan	     nan	  1.0000
  4.1028	  1.3676	     nan	     nan	  1.0000
  4.2271	  1.3676	     nan	     nan	  1.0000
  4.3514	  1.3676	     nan	     nan	  1.0000
  4.4758	  1.3676	     nan	     nan	  1.0000
  4.6001	  1.3676	     nan	     nan	  1.0000
  4.7244	  1.3676	     nan	     nan	  1.0000
  4.8487	  1.3676	     nan	     nan	  1.0000
  4.9731	  1.3676	     nan	     nan	  1.0000
  5.0974	  1.3676	     nan	     nan	  1.0000
  0.1243	  1.4919	  0.0948	 -5.6624	  1.0000
  0.2487	  1.4919	  0.1280	 -5.6584	  1.0000
  0.3730	  1.4919	  0.1785	 -5.6501	  1.0000
  0.4973	  1.4919	  0.2884	 -5.6305	  1.0000
  0.6216	  1.4919	  0.4571	 -5.5952	  1.0000
  0.7460	  1.4919	  0.7013	 -5.5392	  1.0000
  0.8703	  1.4919	  1.0317	 -5.4572	  1.0000
  0.9946	  1.4919	  1.4557	 -5.3472	  1.0000
  1.1189	  1.4919	  1.9739	 -5.2080	  1.0000
  1.2433	  1.4919	  2.5818	 -5.0412	  1.0000
  1.3676	  1.4919	  3.2687	 -4.8495	  1.0000
  1.4919	  1.4919	  4.0182	 -4.6380	  1.0000
  1.6162	  1.4919	  4.8113	 -4.4114	  1.0000
  1.7406	  1.4919	  5.6270	 -4.1759	  1.0000
  1.8649	  1.4919	  6.4398	 -3.9386	  1.0000
  1.9892	  1.4919	  7.2245	 -3.7070	  1.0000
  2.1136	  1.4919	  7.9587	 -3.4881	  1.0000
  2.2379	  1.4919	  8.6202	 -3.2890	  1.0000
  2.3622	  1.4919	  9.1902	 -3.1161	  1.0000
  2.4865	  1.4919	  9.6619	 -2.9720	  1.0000
  2.6109	  1.4919	 10.0363	 -2.8572	  1.0000
  2.7352	  1.4919	 10.3169	 -2.7712	  1.0000
  2.8595	  1.4919	 10.5120	 -2.7115	  1.0000
  2.9838	  1.4919	 10.6445	 -2.6712	  1.0000
  3.1082	  1.4919	 10.7308	 -2.6454	  1.0000
  3.2325	  1.4919	 10.7808	 -2.6311	  1.0000
  3.3568	  1.4919	 10.8009	 -2.6254	  1.0000
  3.4811	  1.4919	 10.8182	 -2.6206	  1.0000
  3.6055	  1.4919	 10.8306	 -2.6175	  1.0000
  3.7298	  1.4919	 10.8345	 -2.6175	  1.0000
  3.8541	  1.4919	     nan	     nan	  1.0000
  3.9785	  1.4919	     nan	     nan	  1.0000
  4.1028	  1.4919	     nan	     nan	  1.0000
  4.2271	  1.4919	     nan	     nan	  1.0000
  4.3514	  1.4919	     nan	     nan	  1.0000
  4.4758	  1.4919	     nan	     nan	  1.0000
  4.6001	  1.4919	     nan	     nan	  1.0000
  4.7244	  1.4919	     nan	     nan	  1.0000
  4.8487	  1.4919	     nan	     nan	  1.0000
  4.9731	  1.4919	     nan	     nan	  1.0000
  5.0974	  1.4919	     nan	     nan	  1.0000
  0.1243	  1.6162	  0.0788	 -5.7502	  1.0000
  0.2487	  1.6162	  0.1076	 -5.7480	  1.0000
  0.3730	  1.6162	  0.1511	 -5.7427	  1.0000
  0.4973	  1.6162	  0.2449	 -5.7298	  1.0000
  0.6216	  1.6162	  0.3883	 -5.7049	  1.0000
  0.7460	  1.6162	  0.5958	 -5.6636	  1.0000
  0.8703	  1.6162	  0.8770	 -5.6005	  1.0000
  0.9946	  1.6162	  1.2404	 -5.5124	  1.0000
  1.1189	  1.6162	  1.6906	 -5.3964	  1.0000
  1.2433	  1.6162	  2.2280	 -5.2519	  1.0000
  1.3676	  1.6162	  2.8477	 -5.0795	  1.0000
  1.4919	  1.6162	  3.5396	 -4.8820	  1.0000
  1.6162	  1.6162	  4.2907	 -4.6626	  1.0000
  1.7406	  1.6162	  5.0830	 -4.4267	  1.0000
  1.8649	  1.6162	  5.8934	 -4.1811	  1.0000
  1.9892	  1.6162	  6.6976	 -3.9337	  1.0000
  2.1136	  1.6162	  7.4720	 -3.6922	  1.0000
  2.2379	  1.6162	  8.1908	 -3.4654	  1.0000
  2.3622	  1.6162	  8.8291	 -3.2621	  1.0000
  2.4865	  1.6162	  9.3741	 -3.0872	  1.0000
  2.6109	  1.6162	  9.8209	 -2.9429	  1.0000
  2.7352	  1.6162	 10.1659	 -2.8313	  1.0000
  2.8595	  1.6162	 10.4121	 -2.7515	  1.0000
  2.9838	  1.6162	 10.5839	 -2.6958	  1.0000
  3.1082	  1.6162	 10.6986	 -2.6589	  1.0000
  3.2325	  1.6162	 10.7649	 -2.6381	  1.0000
  3.3568	  1.6162	 10.7920	 -2.6295	  1.0000
  3.4811	  1.6162	 10.8153	 -2.6223	  1.0000
  3.6055	  1.6162	 10.8317	 -2.6175	  1.0000
  3.7298	  1.6162	 10.8345	 -2.6175	  1.0000
  3.8541	  1.6162	     nan	     nan	  1.0000
  3.9785	  1.6162	     nan	     nan	  1.0000
  4.1028	  1.6162	     nan	     nan	  1.0000
  4.2271	  1.6162	     nan	     nan	  1.0000
  4.3514	  1.6162	     nan	     nan	  1.0000
  4.4758	  1.6162	     nan	     nan	  1.0000
  4.6001	  1.6162	     nan	     nan	  1.0000
  4.7244	  1.6162	     nan	     nan	  1.0000
  4.8487	  1.6162	     nan	     nan	  1.0000
  4.9731	  1.6162	     nan	     nan	  1.0000
  5.0974	  1.6162	     nan	     nan	  1.0000
  0.1243	  1.7406	  0.0599	 -5.8167	  1.0000
  0.2487	  1.7406	  0.0834	 -5.8166	  1.0000
  0.3730	  1.7406	  0.1189	 -5.8148	  1.0000
  0.4973	  1.7406	  0.1955	 -5.8089	  1.0000
  0.6216	  1.7406	  0.3129	 -5.7948	  1.0000
  0.7460	  1.7406	  0.4837	 -5.7680	  1.0000
  0.8703	  1.7406	  0.7167	 -5.7236	  1.0000
  0.9946	  1.7406	  1.0210	 -5.6573	  1.0000
  1.1189	  1.7406	  1.4033	 -5.5653	  1.0000
  1.2433	  1.7406	  1.8677	 -5.4451	  1.0000
  1.3676	  1.7406	  2.4140	 -5.2955	  1.0000
  1.4919	  1.7406	  3.0378	 -5.1173	  1.0000
  1.6162	  1.7406	  3.7320	 -4.9120	  1.0000
  1.7406	  1.7406	  4.4843	 -4.6832	  1.0000
  1.8649	  1.7406	  5.2759	 -4.4371	  1.0000
  1.9892	  1.7406	  6.0849	 -4.1809	  1.0000
  2.1136	  1.7406	  6.8896	 -3.9220	  1.0000
  2.2379	  1.7406	  7.6622	 -3.6706	  1.0000
  2.3622	  1.7406	  8.3712	 -3.4375	  1.0000
  2.4865	  1.7406	  8.9978	 -3.2300	  1.0000
  2.6109	  1.7406	  9.5309	 -3.0524	  1.0000
  2.7352	  1.7406	  9.9562	 -2.9102	  1.0000
  2.8595	  1.7406	 10.2689	 -2.8054	  1.0000
  2.9838	  1.7406	 10.4940	 -2.7299	  1.0000
  3.1082	  1.7406	 10.6488	 -2.6780	  1.0000
  3.2325	  1.7406	 10.7393	 -2.6481	  1.0000
  3.3568	  1.7406	 10.7770	 -2.6356	  1.0000
  3.4811	  1.7406	 10.8097	 -2.6248	  1.0000
  3.6055	  1.7406	 10.8325	 -2.6175	  1.0000
  3.7298	  1.7406	 10.8345	 -2.6175	  1.0000
  3.8541	  1.7406	     nan	     nan	  1.0000
  3.9785	  1.7406	     nan	     nan	  1.0000
  4.1028	  1.7406	     nan	     nan	  1.0000
  4.2271	  1.7406	     nan	     nan	  1.0000
  4.3514	  1.7406	     nan	     nan	  1.0000
  4.4758	  1.7406	     nan	     nan	  1.0000
  4.6001	  1.7406	     nan	     nan	  1.0000
  4.7244	  1.7406	     nan	     nan	  1.0000
  4.8487	  1.7406	     nan	     nan	  1.0000
  4.9731	  1.7406	     nan	     nan	  1.0000
  5.0974	  1.7406	     nan	     nan	  1.0000
  0.1243	  1.8649	  0.0400	 -5.8671	  1.0000
  0.2487	  1.8649	  0.0581	 -5.8696	  1.0000
  0.3730	  1.8649	  0.0855	 -5.8715	  1.0000
  0.4973	  1.8649	  0.1450	 -5.8733	  1.0000
  0.6216	  1.8649	  0.2369	 -5.8699	  1.0000
  0.7460	  1.8649	  0.3719	 -5.8576	  1.0000
  0.8703	  1.8649	  0.5585	 -5.8311	  1.0000
  0.9946	  1.8649	  0.8057	 -5.7858	  1.0000
  1.1189	  1.8649	  1.1213	 -5.7171	  1.0000
  1.2433	  1.8649	  1.5118	 -5.6215	  1.0000
  1.3676	  1.8649	  1.9807	 -5.4965	  1.0000
  1.4919	  1.8649	  2.5282	 -5.3413	  1.0000
  1.6162	  1.8649	  3.1526	 -5.1558	  1.0000
  1.7406	  1.8649	  3.8479	 -4.9417	  1.0000
  1.8649	  1.8649	  4.6006	 -4.7036	  1.0000
  1.9892	  1.8649	  5.3935	 -4.4476	  1.0000
  2.1136	  1.8649	  6.2093	 -4.1798	  1.0000
  2.2379	  1.8649	  7.0209	 -3.9101	  1.0000
  2.3622	  1.8649	  7.7926	 -3.6514	  1.0000
  2.4865	  1.8649	  8.5007	 -3.4122	  1.0000
  2.6109	  1.8649	  9.1294	 -3.1988	  1.0000
  2.7352	  1.8649	  9.6516	 -3.0209	  1.0000
  2.8595	  1.8649	 10.0496	 -2.8850	  1.0000
  2.9838	  1.8649	 10.3483	 -2.7828	  1.0000
  3.1082	  1.8649	 10.5638	 -2.7090	  1.0000
  3.2325	  1.8649	 10.6932	 -2.6650	  1.0000
  3.3568	  1.8649	 10.7483	 -2.6462	  1.0000
  3.4811	  1.8649	 10.7976	 -2.6294	  1.0000
  3.6055	  1.8649	 10.8331	 -2.6175	  1.0000
  3.7298	  1.8649	 10.8345	 -2.6175	  1.0000
  3.8541	  1.8649	     nan	     nan	  1.0000
  3.9785	  1.8649	     nan	     nan	  1.0000
  4.1028	  1.8649	     nan	     nan	  1.0000
  4.2271	  1.8649	     nan	     nan	  1.0000
  4.3514	  1.8649	     nan	     nan	  1.0000
  4.4758	  1.8649	     nan	     nan	  1.0000
  4.6001	  1.8649	     nan	     nan	  1.0000
  4.7244	  1.8649	     nan	     nan	  1.0000
  4.8487	  1.8649	     nan	     nan	  1.0000
  4.9731	  1.8649	     nan	     nan	  1.0000
  5.0974	  1.8649	     nan	     nan	  1.0000
  0.1243	  1.9892	  0.0215	 -5.9038	  1.0000
  0.2487	  1.9892	  0.0345	 -5.9087	  1.0000
  0.3730	  1.9892	  0.0546	 -5.9139	  1.0000
  0.4973	  1.9892	  0.0986	 -5.9226	  1.0000
  0.6216	  1.9892	  0.1676	 -5.9290	  1.0000
  0.7460	  1.9892	  0.2706	 -5.9297	  1.0000
  0.8703	  1.9892	  0.4152	 -5.9194	  1.0000
  0.9946	  1.9892	  0.6099	 -5.8934	  1.0000
  1.1189	  1.9892	  0.8631	 -5.8467	  1.0000
  1.2433	  1.9892	  1.1825	 -5.7752	  1.0000
  1.3676	  1.9892	  1.5741	 -5.6755	  1.0000
  1.4919	  1.9892	  2.0414	 -5.5456	  1.0000
  1.6162	  1.9892	  2.5878	 -5.3839	  1.0000
  1.7406	  1.9892	  3.2131	 -5.1904	  1.0000
  1.8649	  1.9892	  3.9095	 -4.9678	  1.0000
  1.9892	  1.9892	  4.6656	 -4.7206	  1.0000
  2.1136	  1.9892	  5.4711	 -4.4526	  1.0000
  2.2379	  1.9892	  6.3026	 -4.1727	  1.0000
  2.3622	  1.9892	  7.1222	 -3.8943	  1.0000
  2.4865	  1.9892	  7.9040	 -3.6271	  1.0000
  2.6109	  1.9892	  8.6302	 -3.3777	  1.0000
  2.7352	  1.9892	  9.2595	 -3.1611	  1.0000
  2.8595	  1.9892	  9.7570	 -2.9894	  1.0000
  2.9838	  1.9892	 10.1469	 -2.8546	  1.0000
  3.1082	  1.9892	 10.4428	 -2.7523	  1.0000
  3.2325	  1.9892	 10.6257	 -2.6892	  1.0000
  3.3568	  1.9892	 10.7053	 -2.6617	  1.0000
  3.4811	  1.9892	 10.7786	 -2.6364	  1.0000
  3.6055	  1.9892	 10.8335	 -2.6175	  1.0000
  3.7298	  1.9892	 10.8345	 -2.6175	  1.0000
  3.8541	  1.9892	     nan	     nan	  1.0000
  3.9785	  1.9892	     nan	     nan	  1.0000
  4.1028	  1.9892	     nan	     nan	  1.0000
  4.2271	  1.9892	     nan	     nan	  1.0000
  4.3514	  1.9892	     nan	     nan	  1.0000
  4.4758	  1.9892	     nan	     nan	  1.0000
  4.6001	  1.9892	     nan	     nan	  1.0000
  4.7244	  1.9892	     nan	     nan	  1.0000
  4.8487	  1.9892	     nan	     nan	  1.0000
  4.9731	  1.9892	     nan	     nan	  1.0000
  5.0974	  1.9892	     nan	     nan	  1.0000
  0.1243	  2.1136	  0.0053	 -5.9300	  1.0000
  0.2487	  2.1136	  0.0140	 -5.9370	  1.0000
  0.3730	  2.1136	  0.0278	 -5.9451	  1.0000
  0.4973	  2.1136	  0.0585	 -5.9597	  1.0000
  0.6216	  2.1136	  0.1079	 -5.9745	  1.0000
  0.7460	  2.1136	  0.1831	 -5.9865	  1.0000
  0.8703	  2.1136	  0.2911	 -5.9903	  1.0000
  0.9946	  2.1136	  0.4396	 -5.9814	  1.0000
  1.1189	  2.1136	  0.6365	 -5.9546	  1.0000
  1.2433	  2.1136	  0.8901	 -5.9055	  1.0000
  1.3676	  2.1136	  1.2077	 -5.8304	  1.0000
  1.4919	  2.1136	  1.5952	 -5.7264	  1.0000
  1.6162	  2.1136	  2.0596	 -5.5909	  1.0000
  1.7406	  2.1136	  2.6056	 -5.4222	  1.0000
  1.8649	  2.1136	  3.2313	 -5.2214	  1.0000
  1.9892	  2.1136	  3.9312	 -4.9908	  1.0000
  2.1136	  2.1136	  4.7037	 -4.7316	  1.0000
  2.2379	  2.1136	  5.5318	 -4.4504	  1.0000
  2.3622	  2.1136	  6.3788	 -4.1604	  1.0000
  2.4865	  2.1136	  7.2193	 -3.8711	  1.0000
  2.6109	  2.1136	  8.0381	 -3.5880	  1.0000
  2.7352	  2.1136	  8.7791	 -3.3313	  1.0000
  2.8595	  2.1136	  9.3870	 -3.1203	  1.0000
  2.9838	  2.1136	  9.8842	 -2.9476	  1.0000
  3.1082	  2.1136	 10.2809	 -2.8096	  1.0000
  3.2325	  2.1136	 10.5333	 -2.7219	  1.0000
  3.3568	  2.1136	 10.6452	 -2.6830	  1.0000
  3.4811	  2.1136	 10.7513	 -2.6461	  1.0000
  3.6055	  2.1136	 10.8338	 -2.6175	  1.0000
  3.7298	  2.1136	 10.8345	 -2.6175	  1.0000
  3.8541	  2.1136	     nan	     nan	  1.0000
  3.9785	  2.1136	     nan	     nan	  1.0000
  4.1028	  2.1136	     nan	     nan	  1.0000
  4.2271	  2.1136	     nan	     nan	  1.0000
  4.3514	  2.1136	     nan	     nan	  1.0000
  4.4758	  2.1136	     nan	     nan	  1.0000
  4.6001	  2.1136	     nan	     nan	  1.0000
  4.7244	  2.1136	     nan	     nan	  1.0000
  4.8487	  2.1136	     nan	     nan	  1.0000
  4.9731	  2.1136	     nan	     nan	  1.0000
  5.0974	  2.1136	     nan	     nan	  1.0000
  0.1243	  2.2379	 -0.0081	 -5.9484	  1.0000
  0.2487	  2.2379	 -0.0029	 -5.9570	  1.0000
  0.3730	  2.2379	  0.0058	 -5.9675	  1.0000
  0.4973	  2.2379	  0.0256	 -5.9870	  1.0000
  0.6216	  2.2379	  0.0587	 -6.0087	  1.0000
  0.7460	  2.2379	  0.1109	 -6.0300	  1.0000
  0.8703	  2.2379	  0.1881	 -6.0457	  1.0000
  0.9946	  2.2379	  0.2969	 -6.0513	  1.0000
  1.1189	  2.2379	  0.4447	 -6.0419	  1.0000
  1.2433	  2.2379	  0.6394	 -6.0131	  1.0000
  1.3676	  2.2379	  0.8886	 -5.9611	  1.0000
  1.4919	  2.2379	  1.1993	 -5.8825	  1.0000
  1.6162	  2.2379	  1.5807	 -5.7742	  1.0000
  1.7406	  2.2379	  2.0414	 -5.6333	  1.0000
  1.8649	  2.2379	  2.5840	 -5.4594	  1.0000
  1.9892	  2.2379	  3.2087	 -5.2530	  1.0000
  2.1136	  2.2379	  3.9235	 -5.0120	  1.0000
  2.2379	  2.2379	  4.7203	 -4.7400	  1.0000
  2.3622	  2.2379	  5.5665	 -4.4489	  1.0000
  2.4865	  2.2379	  6.4412	 -4.1463	  1.0000
  2.6109	  2.2379	  7.3394	 -3.8346	  1.0000
  2.7352	  2.2379	  8.1913	 -3.5384	  1.0000
  2.8595	  2.2379	  8.9174	 -3.2856	  1.0000
  2.9838	  2.2379	  9.5387	 -3.0691	  1.0000
  3.1082	  2.2379	 10.0621	 -2.8866	  1.0000
  3.2325	  2.2379	 10.4053	 -2.7670	  1.0000
  3.3568	  2.2379	 10.5602	 -2.7129	  1.0000
  3.4811	  2.2379	 10.7115	 -2.6602	  1.0000
  3.6055	  2.2379	 10.8340	 -2.6175	  1.0000
  3.7298	  2.2379	 10.8345	 -2.6175	  1.0000
  3.8541	  2.2379	     nan	     nan	  1.0000
  3.9785	  2.2379	     nan	     nan	  1.0000
  4.1028	  2.2379	     nan	     nan	  1.0000
  4.2271	  2.2379	     nan	     nan	  1.0000
  4.3514	  2.2379	     nan	     nan	  1.0000
  4.4758	  2.2379	     nan	     nan	  1.0000
  4.6001	  2.2379	     nan	     nan	  1.0000
  4.7244	  2.2379	     nan	     nan	  1.0000
  4.8487	  2.2379	     nan	     nan	  1.0000
  4.9731	  2.2379	     nan	     nan	  1.0000
  5.0974	  2.2379	     nan	     nan	  1.0000
  0.1243	  2.3622	 -0.0188	 -5.9611	  1.0000
  0.2487	  2.3622	 -0.0163	 -5.9711	  1.0000
  0.3730	  2.3622	 -0.0117	 -5.9834	  1.0000
  0.4973	  2.3622	 -0.0007	 -6.0068	  1.0000
  0.6216	  2.3622	  0.0194	 -6.0340	  1.0000
  0.7460	  2.3622	  0.0529	 -6.0629	  1.0000
  0.8703	  2.3622	  0.1048	 -6.0883	  1.0000
  0.9946	  2.3622	  0.1806	 -6.1060	  1.0000
  1.1189	  2.3622	  0.2866	 -6.1114	  1.0000
  1.2433	  2.3622	  0.4298	 -6.1005	  1.0000
  1.3676	  2.3622	  0.6172	 -6.0694	  1.0000
  1.4919	  2.3622	  0.8559	 -6.0150	  1.0000
  1.6162	  2.3622	  1.1556	 -5.9340	  1.0000
  1.7406	  2.3622	  1.5266	 -5.8230	  1.0000
  1.8649	  2.3622	  1.9745	 -5.6806	  1.0000
  1.9892	  2.3622	  2.5037	 -5.5062	  1.0000
  2.1136	  2.3622	  3.1295	 -5.2950	  1.0000
  2.2379	  2.3622	  3.8528	 -5.0474	  1.0000
  2.3622	  2.3622	  4.6475	 -4.7733	  1.0000
  2.4865	  2.3622	  5.4999	 -4.4778	  1.0000
  2.6109	  2.3622	  6.4277	 -4.1550	  1.0000
  2.7352	  2.3622	  7.3583	 -3.8308	  1.0000
  2.8595	  2.3622	  8.1883	 -3.5413	  1.0000
  2.9838	  2.3622	  8.9446	 -3.2774	  1.0000
  3.1082	  2.3622	  9.6516	 -3.0305	  1.0000
  3.2325	  2.3622	 10.1440	 -2.8586	  1.0000
  3.3568	  2.3622	 10.3736	 -2.7784	  1.0000
  3.4811	  2.3622	 10.6144	 -2.6943	  1.0000
  3.6055	  2.3622	 10.8342	 -2.6175	  1.0000
  3.7298	  2.3622	 10.8345	 -2.6175	  1.0000
  3.8541	  2.3622	     nan	     nan	  1.0000
  3.9785	  2.3622	     nan	     nan	  1.0000
  4.1028	  2.3622	     nan	     nan	  1.0000
  4.2271	  2.3622	     nan	     nan	  1.0000
  4.3514	  2.3622	     nan	     nan	  1.0000
  4.4758	  2.3622	     nan	     nan	  1.0000
  4.6001	  2.3622	     nan	     nan	  1.0000
  4.7244	  2.3622	     nan	     nan	  1.0000
  4.8487	  2.3622	     nan	     nan	  1.0000
  4.9731	  2.3622	     nan	     nan	  1.0000
  5.0974	  2.3622	     nan	     nan	  1.0000
  0.1243	  2.4865	 -0.0265	 -5.9694	  1.0000
  0.2487	  2.4865	 -0.0261	 -5.9804	  1.0000
  0.3730	  2.4865	 -0.0244	 -5.9940	  1.0000
  0.4973	  2.4865	 -0.0197	 -6.0203	  1.0000
  0.6216	  2.4865	 -0.0092	 -6.0515	  1.0000
  0.7460	  2.4865	  0.0105	 -6.0859	  1.0000
  0.8703	  2.4865	  0.0436	 -6.1185	  1.0000
  0.9946	  2.4865	  0.0945	 -6.1453	  1.0000
  1.1189	  2.4865	  0.1686	 -6.1621	  1.0000
  1.2433	  2.4865	  0.2717	 -6.1650	  1.0000
  1.3676	  2.4865	  0.4100	 -6.1507	  1.0000
  1.4919	  2.4865	  0.5899	 -6.1162	  1.0000
  1.6162	  2.4865	  0.8211	 -6.0583	  1.0000
  1.7406	  2.4865	  1.1141	 -5.9736	  1.0000
  1.8649	  2.4865	  1.4763	 -5.8603	  1.0000
  1.9892	  2.4865	  1.9144	 -5.7166	  1.0000
  2.1136	  2.4865	  2.4494	 -5.5363	  1.0000
  2.2379	  2.4865	  3.0896	 -5.3170	  1.0000
  2.3622	  2.4865	  3.8159	 -5.0661	  1.0000
  2.4865	  2.4865	  4.6217	 -4.7864	  1.0000
  2.6109	  2.4865	  5.5502	 -4.4630	  1.0000
  2.7352	  2.4865	  6.5310	 -4.1208	  1.0000
  2.8595	  2.4865	  7.4416	 -3.8030	  1.0000
  2.9838	  2.4865	  8.3166	 -3.4973	  1.0000
  3.1082	  2.4865	  9.2072	 -3.1861	  1.0000
  3.2325	  2.4865	  9.8548	 -2.9598	  1.0000
  3.3568	  2.4865	 10.1635	 -2.8519	  1.0000
  3.4811	  2.4865	 10.5025	 -2.7335	  1.0000
  3.6055	  2.4865	 10.8343	 -2.6175	  1.0000
  3.7298	  2.4865	 10.8345	 -2.6175	  1.0000
  3.8541	  2.4865	     nan	     nan	  1.0000
  3.9785	  2.4865	     nan	     nan	  1.0000
  4.1028	  2.4865	     nan	     nan	  1.0000
  4.2271	  2.4865	     nan	     nan	  1.0000
  4.3514	  2.4865	     nan	     nan	  1.0000
  4.4758	  2.4865	     nan	     nan	  1.0000
  4.6001	  2.4865	     nan	     nan	  1.0000
  4.7244	  2.4865	     nan	     nan	  1.0000
  4.8487	  2.4865	     nan	     nan	  1.0000
  4.9731	  2.4865	     nan	     nan	  1.0000
  5.0974	  2.4865	     nan	     nan	  1.0000
  0.1243	  2.6109	 -0.0321	 -5.9749	  1.0000
  0.2487	  2.6109	 -0.0331	 -5.9866	  1.0000
  0.3730	  2.6109	 -0.0337	 -6.0012	  1.0000
  0.4973	  2.6109	 -0.0337	 -6.0296	  1.0000
  0.6216	  2.6109	 -0.0302	 -6.0638	  1.0000
  0.7460	  2.6109	 -0.0207	 -6.1022	  1.0000
  0.8703	  2.6109	 -0.0017	 -6.1402	  1.0000
  0.9946	  2.6109	  0.0304	 -6.1739	  1.0000
  1.1189	  2.6109	  0.0798	 -6.1995	  1.0000
  1.2433	  2.6109	  0.1514	 -6.2133	  1.0000
  1.3676	  2.6109	  0.2504	 -6.2124	  1.0000
  1.4919	  2.6109	  0.3822	 -6.1944	  1.0000
  1.6162	  2.6109	  0.5552	 -6.1562	  1.0000
  1.7406	  2.6109	  0.7797	 -6.0948	  1.0000
  1.8649	  2.6109	  1.0633	 -6.0083	  1.0000
  1.9892	  2.6109	  1.4142	 -5.8945	  1.0000
  2.1136	  2.6109	  1.8559	 -5.7462	  1.0000
  2.2379	  2.6109	  2.4027	 -5.5590	  1.0000
  2.3622	  2.6109	  3.0422	 -5.3381	  1.0000
  2.4865	  2.6109	  3.7750	 -5.0834	  1.0000
  2.6109	  2.6109	  4.6710	 -4.7712	  1.0000
  2.7352	  2.6109	  5.6694	 -4.4227	  1.0000
  2.8595	  2.6109	  6.6331	 -4.0861	  1.0000
  2.9838	  2.6109	  7.6091	 -3.7450	  1.0000
  3.1082	  2.6109	  8.6907	 -3.3669	  1.0000
  3.2325	  2.6109	  9.5092	 -3.0808	  1.0000
  3.3568	  2.6109	  9.9070	 -2.9417	  1.0000
  3.4811	  2.6109	 10.3618	 -2.7827	  1.0000
  3.6055	  2.6109	 10.8343	 -2.6175	  1.0000
  3.7298	  2.6109	 10.8345	 -2.6175	  1.0000
  3.8541	  2.6109	     nan	     nan	  1.0000
  3.9785	  2.6109	     nan	     nan	  1.0000
  4.1028	  2.6109	     nan	     nan	  1.0000
  4.2271	  2.6109	     nan	     nan	  1.0000
  4.3514	  2.6109	     nan	     nan	  1.0000
  4.4758	  2.6109	     nan	     nan	  1.0000
  4.6001	  2.6109	     nan	     nan	  1.0000
  4.7244	  2.6109	     nan	     nan	  1.0000
  4.8487	  2.6109	     nan	     nan	  1.0000
  4.9731	  2.6109	     nan	     nan	  1.0000
  5.0974	  2.6109	     nan	     nan	  1.0000
  0.1243	  2.7352	 -0.0362	 -5.9787	  1.0000
  0.2487	  2.7352	 -0.0384	 -5.9909	  1.0000
  0.3730	  2.7352	 -0.0406	 -6.0063	  1.0000
  0.4973	  2.7352	 -0.0440	 -6.0362	  1.0000
  0.6216	  2.7352	 -0.0458	 -6.0726	  1.0000
  0.7460	  2.7352	 -0.0441	 -6.1141	  1.0000
  0.8703	  2.7352	 -0.0359	 -6.1561	  1.0000
  0.9946	  2.7352	 -0.0184	 -6.1952	  1.0000
  1.1189	  2.7352	  0.0118	 -6.2276	  1.0000
  1.2433	  2.7352	  0.0583	 -6.2502	  1.0000
  1.3676	  2.7352	  0.1251	 -6.2604	  1.0000
  1.4919	  2.7352	  0.2165	 -6.2561	  1.0000
  1.6162	  2.7352	  0.3394	 -6.2351	  1.0000
  1.7406	  2.7352	  0.5023	 -6.1948	  1.0000
  1.8649	  2.7352	  0.7124	 -6.1334	  1.0000
  1.9892	  2.7352	  0.9775	 -6.0492	  1.0000
  2.1136	  2.7352	  1.3209	 -5.9348	  1.0000
  2.2379	  2.7352	  1.7599	 -5.7851	  1.0000
  2.3622	  2.7352	  2.2880	 -5.6027	  1.0000
  2.4865	  2.7352	  2.9122	 -5.3859	  1.0000
  2.6109	  2.7352	  3.7270	 -5.1018	  1.0000
  2.7352	  2.7352	  4.6908	 -4.7652	  1.0000
  2.8595	  2.7352	  5.6617	 -4.4260	  1.0000
  2.9838	  2.7352	  6.7062	 -4.0609	  1.0000
  3.1082	  2.7352	  8.0013	 -3.6081	  1.0000
  3.2325	  2.7352	  9.0277	 -3.2492	  1.0000
  3.3568	  2.7352	  9.5372	 -3.0711	  1.0000
  3.4811	  2.7352	 10.1491	 -2.8571	  1.0000
  3.6055	  2.7352	 10.8344	 -2.6175	  1.0000
  3.7298	  2.7352	 10.8345	 -2.6175	  1.0000
  3.8541	  2.7352	     nan	     nan	  1.0000
  3.9785	  2.7352	     nan	     nan	  1.0000
  4.1028	  2.7352	     nan	     nan	  1.0000
  4.2271	  2.7352	     nan	     nan	  1.0000
  4.3514	  2.7352	     nan	     nan	  1.0000
  4.4758	  2.7352	     nan	     nan	  1.0000
  4.6001	  2.7352	     nan	     nan	  1.0000
  4.7244	  2.7352	     nan	     nan	  1.0000
  4.8487	  2.7352	     nan	     nan	  1.0000
  4.9731	  2.7352	     nan	     nan	  1.0000
  5.0974	  2.7352	     nan	     nan	  1.0000
  0.1243	  2.8595	 -0.0394	 -5.9814	  1.0000
  0.2487	  2.8595	 -0.0424	 -5.9941	  1.0000
  0.3730	  2.8595	 -0.0458	 -6.0100	  1.0000
  0.4973	  2.8595	 -0.0520	 -6.0410	  1.0000
  0.6216	  2.8595	 -0.0579	 -6.0791	  1.0000
  0.7460	  2.8595	 -0.0622	 -6.1231	  1.0000
  0.8703	  2.8595	 -0.0625	 -6.1683	  1.0000
  0.9946	  2.8595	 -0.0566	 -6.2116	  1.0000
  1.1189	  2.8595	 -0.0421	 -6.2495	  1.0000
  1.2433	  2.8595	 -0.0164	 -6.2794	  1.0000
  1.3676	  2.8595	  0.0232	 -6.2989	  1.0000
  1.4919	  2.8595	  0.0797	 -6.3067	  1.0000
  1.6162	  2.8595	  0.1576	 -6.3011	  1.0000
  1.7406	  2.8595	  0.2630	 -6.2805	  1.0000
  1.8649	  2.8595	  0.4010	 -6.2441	  1.0000
  1.9892	  2.8595	  0.5774	 -6.1905	  1.0000
  2.1136	  2.8595	  0.8103	 -6.1145	  1.0000
  2.2379	  2.8595	  1.1140	 -6.0118	  1.0000
  2.3622	  2.8595	  1.4857	 -5.8839	  1.0000
  2.4865	  2.8595	  1.9328	 -5.7288	  1.0000
  2.6109	  2.8595	  2.5439	 -5.5159	  1.0000
  2.7352	  2.8595	  3.2954	 -5.2534	  1.0000
  2.8595	  2.8595	  4.0723	 -4.9820	  1.0000
  2.9838	  2.8595	  4.9372	 -4.6797	  1.0000
  3.1082	  2.8595	  6.3266	 -4.1938	  1.0000
  3.2325	  2.8595	  7.6011	 -3.7482	  1.0000
  3.3568	  2.8595	  8.2815	 -3.5102	  1.0000
  3.4811	  2.8595	  9.2505	 -3.1714	  1.0000
  3.6055	  2.8595	 10.8344	 -2.6175	  1.0000
  3.7298	  2.8595	 10.8345	 -2.6175	  1.0000
  3.8541	  2.8595	     nan	     nan	  1.0000
  3.9785	  2.8595	     nan	     nan	  1.0000
  4.1028	  2.8595	     nan	     nan	  1.0000
  4.2271	  2.8595	     nan	     nan	  1.0000
  4.3514	  2.8595	     nan	     nan	  1.0000
  4.4758	  2.8595	     nan	     nan	  1.0000
  4.6001	  2.8595	     nan	     nan	  1.0000
  4.7244	  2.8595	     nan	     nan	  1.0000
  4.8487	  2.8595	     nan	     nan	  1.0000
  4.9731	  2.8595	     nan	     nan	  1.0000
  5.0974	  2.8595	     nan	     nan	  1.0000
  0.1243	  2.9838	 -0.0406	 -5.9825	  1.0000
  0.2487	  2.9838	 -0.0439	 -5.9952	  1.0000
  0.3730	  2.9838	 -0.0478	 -6.0114	  1.0000
  0.4973	  2.9838	 -0.0550	 -6.0429	  1.0000
  0.6216	  2.9838	 -0.0624	 -6.0816	  1.0000
  0.7460	  2.9838	 -0.0691	 -6.1264	  1.0000
  0.8703	  2.9838	 -0.0726	 -6.1729	  1.0000
  0.9946	  2.9838	 -0.0711	 -6.2178	  1.0000
  1.1189	  2.9838	 -0.0625	 -6.2578	  1.0000
  1.2433	  2.9838	 -0.0446	 -6.2904	  1.0000
  1.3676	  2.9838	 -0.0153	 -6.3135	  1.0000
  1.4919	  2.9838	  0.0280	 -6.3257	  1.0000
  1.6162	  2.9838	  0.0890	 -6.3259	  1.0000
  1.7406	  2.9838	  0.1729	 -6.3128	  1.0000
  1.8649	  2.9838	  0.2840	 -6.2856	  1.0000
  1.9892	  2.9838	  0.4276	 -6.2434	  1.0000
  2.1136	  2.9838	  0.6201	 -6.1814	  1.0000
  2.2379	  2.9838	  0.8752	 -6.0956	  1.0000
  2.3622	  2.9838	  1.1916	 -5.9870	  1.0000
  2.4865	  2.9838	  1.5777	 -5.8532	  1.0000
  2.6109	  2.9838	  2.1216	 -5.6637	  1.0000
  2.7352	  2.9838	  2.8080	 -5.4240	  1.0000
  2.8595	  2.9838	  3.5297	 -5.1718	  1.0000
  2.9838	  2.9838	  4.3518	 -4.8844	  1.0000
  3.1082	  2.9838	  5.7657	 -4.3900	  1.0000
  3.2325	  2.9838	  7.1125	 -3.9191	  1.0000
  3.3568	  2.9838	  7.8477	 -3.6620	  1.0000
  3.4811	  2.9838	  8.9338	 -3.2822	  1.0000
  3.6055	  2.9838	 10.8344	 -2.6175	  1.0000
  3.7298	  2.9838	 10.8345	 -2.6175	  1.0000
  3.8541	  2.9838	     nan	     nan	  1.0000
  3.9785	  2.9838	     nan	     nan	  1.0000
  4.1028	  2.9838	     nan	     nan	  1.0000
  4.2271	  2.9838	     nan	     nan	  1.0000
  4.3514	  2.9838	     nan	     nan	  1.0000
  4.4758	  2.9838	     nan	     nan	  1.0000
  4.6001	  2.9838	     nan	     nan	  1.0000
  4.7244	  2.9838	     nan	     nan	  1.0000
  4.8487	  2.9838	     nan	     nan	  1.0000
  4.9731	  2.9838	     nan	     nan	  1.0000
  5.0974	  2.9838	     nan	     nan	  1.0000
  0.1243	  3.1082	 -0.0418	 -5.9835	  1.0000
  0.2487	  3.1082	 -0.0455	 -5.9964	  1.0000
  0.3730	  3.1082	 -0.0499	 -6.0128	  1.0000
  0.4973	  3.1082	 -0.0581	 -6.0447	  1.0000
  0.6216	  3.1082	 -0.0672	 -6.0841	  1.0000
  0.7460	  3.1082	 -0.0762	 -6.1299	  1.0000
  0.8703	  3.1082	 -0.0831	 -6.1777	  1.0000
  0.9946	  3.1082	 -0.0863	 -6.2243	  1.0000
  1.1189	  3.1082	 -0.0840	 -6.2665	  1.0000
  1.2433	  3.1082	 -0.0746	 -6.3020	  1.0000
  1.3676	  3.1082	 -0.0563	 -6.3289	  1.0000
  1.4919	  3.1082	 -0.0275	 -6.3462	  1.0000
  1.6162	  3.1082	  0.0147	 -6.3528	  1.0000
  1.7406	  3.1082	  0.0741	 -6.3481	  1.0000
  1.8649	  3.1082	  0.1542	 -6.3317	  1.0000
  1.9892	  3.1082	  0.2592	 -6.3028	  1.0000
  2.1136	  3.1082	  0.4026	 -6.2579	  1.0000
  2.2379	  3.1082	  0.5965	 -6.1934	  1.0000
  2.3622	  3.1082	  0.8411	 -6.1098	  1.0000
  2.4865	  3.1082	  1.1450	 -6.0047	  1.0000
  2.6109	  3.1082	  1.5908	 -5.8494	  1.0000
  2.7352	  3.1082	  2.1732	 -5.6461	  1.0000
  2.8595	  3.1082	  2.7993	 -5.4273	  1.0000
  2.9838	  3.1082	  3.5351	 -5.1701	  1.0000
  3.1082	  3.1082	  4.9325	 -4.6814	  1.0000
  3.2325	  3.1082	  6.3434	 -4.1881	  1.0000
  3.3568	  3.1082	  7.1418	 -3.9089	  1.0000
  3.4811	  3.1082	  8.3908	 -3.4721	  1.0000
  3.6055	  3.1082	 10.8345	 -2.6175	  1.0000
  3.7298	  3.1082	 10.8345	 -2.6175	  1.0000
  3.8541	  3.1082	     nan	     nan	  1.0000
  3.9785	  3.1082	     nan	     nan	  1.0000
  4.1028	  3.1082	     nan	     nan	  1.0000
  4.2271	  3.1082	     nan	     nan	  1.0000
  4.3514	  3.1082	     nan	     nan	  1.0000
  4.4758	  3.1082	     nan	     nan	  1.0000
  4.6001	  3.1082	     nan	     nan	  1.0000
  4.7244	  3.1082	     nan	     nan	  1.0000
  4.8487	  3.1082	     nan	     nan	  1.0000
  4.9731	  3.1082	     nan	     nan	  1.0000
  5.0974	  3.1082	     nan	     nan	  1.0000
  0.1243	  3.2325	 -0.0431	 -5.9845	  1.0000
  0.2487	  3.2325	 -0.0471	 -5.9976	  1.0000
  0.3730	  3.2325	 -0.0520	 -6.0142	  1.0000
  0.4973	  3.2325	 -0.0613	 -6.0466	  1.0000
  0.6216	  3.2325	 -0.0721	 -6.0868	  1.0000
  0.7460	  3.2325	 -0.0837	 -6.1335	  1.0000
  0.8703	  3.2325	 -0.0942	 -6.1826	  1.0000
  0.9946	  3.2325	 -0.1023	 -6.2310	  1.0000
  1.1189	  3.2325	 -0.1068	 -6.2757	  1.0000
  1.2433	  3.2325	 -0.1064	 -6.3143	  1.0000
  1.3676	  3.2325	 -0.1004	 -6.3455	  1.0000
  1.4919	  3.2325	 -0.0876	 -6.3682	  1.0000
  1.6162	  3.2325	 -0.0667	 -6.3822	  1.0000
  1.7406	  3.2325	 -0.0356	 -6.3873	  1.0000
  1.8649	  3.2325	  0.0079	 -6.3835	  1.0000
  1.9892	  3.2325	  0.0661	 -6.3709	  1.0000
  2.1136	  3.2325	  0.1478	 -6.3474	  1.0000
  2.2379	  3.2325	  0.2613	 -6.3109	  1.0000
  2.3622	  3.2325	  0.4077	 -6.2616	  1.0000
  2.4865	  3.2325	  0.5939	 -6.1976	  1.0000
  2.6109	  3.2325	  0.8836	 -6.0968	  1.0000
  2.7352	  3.2325	  1.2818	 -5.9579	  1.0000
  2.8595	  3.2325	  1.7240	 -5.8034	  1.0000
  2.9838	  3.2325	  2.2685	 -5.6131	  1.0000
  3.1082	  3.2325	  3.4904	 -5.1858	  1.0000
  3.2325	  3.2325	  4.8650	 -4.7051	  1.0000
  3.3568	  3.2325	  5.7028	 -4.4121	  1.0000
  3.4811	  3.2325	  7.1690	 -3.8994	  1.0000
  3.6055	  3.2325	 10.8345	 -2.6175	  1.0000
  3.7298	  3.2325	 10.8345	 -2.6175	  1.0000
  3.8541	  3.2325	     nan	     nan	  1.0000
  3.9785	  3.2325	     nan	     nan	  1.0000
  4.1028	  3.2325	     nan	     nan	  1.0000
  4.2271	  3.2325	     nan	     nan	  1.0000
  4.3514	  3.2325	     nan	     nan	  1.0000
  4.4758	  3.2325	     nan	     nan	  1.0000
  4.6001	  3.2325	     nan	     nan	  1.0000
  4.7244	  3.2325	     nan	     nan	  1.0000
  4.8487	  3.2325	     nan	     nan	  1.0000
  4.9731	  3.2325	     nan	     nan	  1.0000
  5.0974	  3.2325	     nan	     nan	  1.0000
  0.1243	  3.3568	 -0.0445	 -5.9856	  1.0000
  0.2487	  3.3568	 -0.0488	 -5.9988	  1.0000
  0.3730	  3.3568	 -0.0542	 -6.0157	  1.0000
  0.4973	  3.3568	 -0.0647	 -6.0486	  1.0000
  0.6216	  3.3568	 -0.0773	 -6.0895	  1.0000
  0.7460	  3.3568	 -0.0915	 -6.1373	  1.0000
  0.8703	  3.3568	 -0.1058	 -6.1878	  1.0000
  0.9946	  3.3568	 -0.1193	 -6.2381	  1.0000
  1.1189	  3.3568	 -0.1310	 -6.2853	  1.0000
  1.2433	  3.3568	 -0.1407	 -6.3275	  1.0000
  1.3676	  3.3568	 -0.1482	 -6.3633	  1.0000
  1.4919	  3.3568	 -0.1536	 -6.3923	  1.0000
  1.6162	  3.3568	 -0.1572	 -6.4148	  1.0000
  1.7406	  3.3568	 -0.1595	 -6.4314	  1.0000
  1.8649	  3.3568	 -0.1609	 -6.4431	  1.0000
  1.9892	  3.3568	 -0.1615	 -6.4510	  1.0000
  2.1136	  3.3568	 -0.1619	 -6.4561	  1.0000
  2.2379	  3.3568	 -0.1620	 -6.4592	  1.0000
  2.3622	  3.3568	 -0.1620	 -6.4610	  1.0000
  2.4865	  3.3568	 -0.1620	 -6.4621	  1.0000
  2.6109	  3.3568	 -0.1620	 -6.4626	  1.0000
  2.7352	  3.3568	 -0.1619	 -6.4629	  1.0000
  2.8595	  3.3568	 -0.1619	 -6.4630	  1.0000
  2.9838	  3.3568	 -0.1619	 -6.4631	  1.0000
  3.1082	  3.3568	 -0.1619	 -6.4631	  1.0000
  3.2325	  3.3568	 -0.1619	 -6.4631	  1.0000
  3.3568	  3.3568	 -0.1619	 -6.4631	  1.0000
  3.4811	  3.3568	 -0.1619	 -6.4631	  1.0000
  3.6055	  3.3568	     nan	     nan	  1.0000
  3.7298	  3.3568	     nan	     nan	  1.0000
  3.8541	  3.3568	     nan	     nan	  1.0000
  3.9785	  3.3568	     nan	     nan	  1.0000
  4.1028	  3.3568	     nan	     nan	  1.0000
  4.2271	  3.3568	     nan	     nan	  1.0000
  4.3514	  3.3568	     nan	     nan	  1.0000
  4.4758	  3.3568	     nan	     nan	  1.0000
  4.6001	  3.3568	     nan	     nan	  1.0000
  4.7244	  3.3568	     nan	     nan	  1.0000
  4.8487	  3.3568	     nan	     nan	  1.0000
  4.9731	  3.3568	     nan	     nan	  1.0000
  5.0974	  3.3568	     nan	     nan	  1.0000
  0.1243	  3.4811	     nan	     nan	  1.0000
  0.2487	  3.4811	     nan	     nan	  1.0000
  0.3730	  3.4811	     nan	     nan	  1.0000
  0.4973	  3.4811	     nan	     nan	  1.0000
  0.6216	  3.4811	     nan	     nan	  1.0000
  0.7460	  3.4811	     nan	     nan	  1.0000
  0.8703	  3.4811	     nan	     nan	  1.0000
  0.9946	  3.4811	     nan	     nan	  1.0000
  1.1189	  3.4811	     nan	     nan	  1.0000
  1.2433	  3.4811	     nan	     nan	  1.0000
  1.3676	  3.4811	     nan	     nan	  1.0000
  1.4919	  3.4811	     nan	     nan	  1.0000
  1.6162	  3.4811	     nan	     nan	  1.0000
  1.7406	  3.4811	     nan	     nan	  1.0000
  1.8649	  3.4811	     nan	     nan	  1.0000
  1.9892	  3.4811	     nan	     nan	  1.0000
  2.1136	  3.4811	     nan	     nan	  1.0000
  2.2379	  3.4811	     nan	     nan	  1.0000
  2.3622	  3.4811	     nan	     nan	  1.0000
  2.4865	  3.4811	     nan	     nan	  1.0000
  2.6109	  3.4811	     nan	     nan	  1.0000
  2.7352	  3.4811	     nan	     nan	  1.0000
  2.8595	  3.4811	     nan	     nan	  1.0000
  2.9838	  3.4811	     nan	     nan	  1.0000
  3.1082	  3.4811	     nan	     nan	  1.0000
  3.2325	  3.4811	     nan	     nan	  1.0000
  3.3568	  3.4811	     nan	     nan	  1.0000
  3.4811	  3.4811	     nan	     nan	  1.0000
  3.6055	  3.4811	     nan	     nan	  1.0000
  3.7298	  3.4811	     nan	     nan	  1.0000
  3.8541	  3.4811	     nan	     nan	  1.0000
  3.9785	  3.4811	     nan	     nan	  1.0000
  4.1028	  3.4811	     nan	     nan	  1.0000
  4.2271	  3.4811	     nan	     nan	  1.0000
  4.3514	  3.4811	     nan	     nan	  1.0000
  4.4758	  3.4811	     nan	     nan	  1.0000
  4.6001	  3.4811	     nan	     nan	  1.0000
  4.7244	  3.4811	     nan	     nan	  1.0000
  4.8487	  3.4811	     nan	     nan	  1.0000
  4.9731	  3.4811	     nan	     nan	  1.0000
  5.0974	  3.4811	     nan	     nan	  1.0000
  0.1243	  3.6055	     nan	     nan	  1.0000
  0.2487	  3.6055	     nan	     nan	  1.0000
  0.3730	  3.6055	     nan	     nan	  1.0000
  0.4973	  3.6055	     nan	     nan	  1.0000
  0.6216	  3.6055	     nan	     nan	  1.0000
  0.7460	  3.6055	     nan	     nan	  1.0000
  0.8703	  3.6055	     nan	     nan	  1.0000
  0.9946	  3.6055	     nan	     nan	  1.0000
  1.1189	  3.6055	     nan	     nan	  1.0000
  1.2433	  3.6055	     nan	     nan	  1.0000
  1.3676	  3.6055	     nan	     nan	  1.0000
  1.4919	  3.6055	     nan	     nan	  1.0000
  1.6162	  3.6055	     nan	     nan	  1.0000
  1.7406	  3.6055	     nan	     nan	  1.0000
  1.8649	  3.6055	     nan	     nan	  1.0000
  1.9892	  3.6055	     nan	     nan	  1.0000
  2.1136	  3.6055	     nan	     nan	  1.0000
  2.2379	  3.6055	     nan	     nan	  1.0000
  2.3622	  3.6055	     nan	     nan	  1.0000
  2.4865	  3.6055	     nan	     nan	  1.0000
  2.6109	  3.6055	     nan	     nan	  1.0000
  2.7352	  3.6055	     nan	     nan	  1.0000
  2.8595	  3.6055	     nan	     nan	  1.0000
  2.9838	  3.6055	     nan	     nan	  1.0000
  3.1082	  3.6055	     nan	     nan	  1.0000
  3.2325	  3.6055	     nan	     nan	  1.0000
  3.3568	  3.6055	     nan	     nan	  1.0000
  3.4811	  3.6055	     nan	     nan	  1.0000
  3.6055	  3.6055	     nan	     nan	  1.0000
  3.7298	  3.6055	     nan	     nan	  1.0000
  3.8541	  3.6055	     nan	     nan	  1.0000
  3.9785	  3.6055	     nan	     nan	  1.0000
  4.1028	  3.6055	     nan	     nan	  1.0000
  4.2271	  3.6055	     nan	     nan	  1.0000
  4.3514	  3.6055	     nan	     nan	  1.0000
  4.4758	  3.6055	     nan	     nan	  1.0000
  4.6001	  3.6055	     nan	     nan	  1.0000
  4.7244	  3.6055	     nan	     nan	  1.0000
  4.8487	  3.6055	     nan	     nan	  1.0000
  4.9731	  3.6055	     nan	     nan	  1.0000
  5.0974	  3.6055	     nan	     nan	  1.0000
