  0.1243	  0.1243	 -0.1398	 -2.7859	  1.0000
  0.2487	  0.1243	 -0.1193	 -2.6713	  0.0000
  0.3730	  0.1243	 -0.1457	 -2.8087	  0.0000
  0.4973	  0.1243	 -0.1598	 -2.9524	  1.0000
  0.6216	  0.1243	 -0.4072	 -3.0997	  0.0000
  0.7460	  0.1243	 -0.1402	 -3.0916	  1.0000
  0.8703	  0.1243	 -0.1520	 -3.1624	  0.0000
  0.9946	  0.1243	 -0.0921	 -3.1525	  0.0000
  1.1189	  0.1243	 -0.1738	 -3.1248	  0.0000
  1.2433	  0.1243	 -0.2095	 -3.0692	  0.0000
  1.3676	  0.1243	 -0.0860	 -2.9880	  0.0000
  1.4919	  0.1243	 -0.0039	 -3.0512	  1.0000
  1.6162	  0.1243	  0.0725	 -3.0506	  1.0000
  1.7406	  0.1243	  0.1360	 -3.0593	  1.0000
  1.8649	  0.1243	  0.2138	 -3.0708	  1.0000
  1.9892	  0.1243	  0.2739	 -3.0843	  1.0000
  2.1136	  0.1243	  0.4706	 -3.0609	  0.0000
  2.2379	  0.1243	  0.4793	 -3.0693	  0.0000
  2.3622	  0.1243	  0.5433	 -3.0461	  0.0000
  2.4865	  0.1243	  0.1012	 -2.8268	  1.0000
  2.6109	  0.1243	 -0.0047	 -2.7549	  1.0000
  2.7352	  0.1243	 -0.0915	 -2.7712	  1.0000
  2.8595	  0.1243	 -0.1247	 -2.8349	  1.0000
  2.9838	  0.1243	  0.0021	 -3.3049	  0.0000
  3.1082	  0.1243	  0.0292	 -3.2801	  0.0000
  3.2325	  0.1243	  0.1026	 -3.1422	  0.0000
  3.3568	  0.1243	  0.1506	 -3.1554	  0.0000
  3.4811	  0.1243	  0.0031	 -3.1128	  0.0000
  3.6055	  0.1243	 -0.0888	 -3.0300	  0.0000
  3.7298	  0.1243	 -0.0868	 -2.8825	  0.0000
  3.8541	  0.1243	 -0.0666	 -2.8598	  0.0000
  3.9785	  0.1243	  0.0468	 -3.0038	  0.0000
  4.1028	  0.1243	 -0.0490	 -3.0473	  0.0000
  4.2271	  0.1243	 -0.3230	 -2.9155	  0.0000
  4.3514	  0.1243	 -0.1314	 -2.7608	  1.0000
  4.4758	  0.1243	 -0.0741	 -2.6085	  0.0000
  4.6001	  0.1243	 -0.0412	 -2.7505	  0.0000
  4.7244	  0.1243	 -0.0945	 -2.6731	  1.0000
  4.8487	  0.1243	 -0.0841	 -2.6910	  1.0000
  4.9731	  0.1243	 -0.0733	 -2.6978	  1.0000
  5.0974	  0.1243	 -0.0412	 -2.7505	  1.0000
  0.1243	  0.2487	 -0.1560	 -2.7810	  1.0000
  0.2487	  0.2487	 -0.1596	 -2.8182	  1.0000
  0.3730	  0.2487	 -0.1642	 -2.8787	  1.0000
  0.4973	  0.2487	 -0.1585	 -2.9590	  1.0000
  0.6216	  0.2487	 -0.1453	 -3.0417	  1.0000
  0.7460	  0.2487	 -0.1527	 -3.1623	  0.0000
  0.8703	  0.2487	 -0.0976	 -3.1639	  0.0000
  0.9946	  0.2487	 -0.0581	 -3.1480	  0.0000
  1.1189	  0.2487	 -0.1230	 -3.1862	  0.0000
  1.2433	  0.2487	 -0.0506	 -3.0816	  1.0000
  1.3676	  0.2487	 -0.0175	 -3.0436	  1.0000
  1.4919	  0.2487	  0.0360	 -3.0280	  1.0000
  1.6162	  0.2487	  0.0980	 -3.0239	  1.0000
  1.7406	  0.2487	  0.1625	 -3.0395	  1.0000
  1.8649	  0.2487	  0.2099	 -3.0580	  1.0000
  1.9892	  0.2487	  0.2397	 -3.0766	  1.0000
  2.1136	  0.2487	  0.2508	 -3.0595	  1.0000
  2.2379	  0.2487	  0.2087	 -2.9916	  1.0000
  2.3622	  0.2487	  0.1231	 -2.8865	  1.0000
  2.4865	  0.2487	  0.0226	 -2.7914	  1.0000
  2.6109	  0.2487	 -0.0744	 -2.7174	  1.0000
  2.7352	  0.2487	 -0.1414	 -2.7227	  1.0000
  2.8595	  0.2487	 -0.1890	 -2.6354	  0.0000
  2.9838	  0.2487	 -0.1088	 -3.0490	  0.0000
  3.1082	  0.2487	 -0.1525	 -3.0456	  0.0000
  3.2325	  0.2487	 -0.1000	 -2.9363	  0.0000
  3.3568	  0.2487	 -0.0016	 -3.1015	  0.0000
  3.4811	  0.2487	  0.0010	 -3.0155	  1.0000
  3.6055	  0.2487	 -0.0237	 -3.0167	  1.0000
  3.7298	  0.2487	 -0.0543	 -2.9974	  1.0000
  3.8541	  0.2487	 -0.2176	 -2.9085	  0.0000
  3.9785	  0.2487	 -0.0946	 -2.9875	  0.0000
  4.1028	  0.2487	 -0.0441	 -3.1153	  0.0000
  4.2271	  0.2487	 -0.1322	 -2.8096	  1.0000
  4.3514	  0.2487	 -0.1549	 -2.5549	  0.0000
  4.4758	  0.2487	 -0.1331	 -2.5634	  0.0000
  4.6001	  0.2487	 -0.1235	 -2.6747	  1.0000
  4.7244	  0.2487	 -0.1175	 -2.6775	  1.0000
  4.8487	  0.2487	 -0.1131	 -2.6905	  1.0000
  4.9731	  0.2487	 -0.1070	 -2.7011	  1.0000
  5.0974	  0.2487	 -0.0878	 -2.7559	  1.0000
  0.1243	  0.3730	 -0.1737	 -2.7666	  1.0000
  0.2487	  0.3730	 -0.0119	 -2.7567	  0.0000
  0.3730	  0.3730	 -0.2409	 -2.8665	  0.0000
  0.4973	  0.3730	 -0.1523	 -2.9445	  1.0000
  0.6216	  0.3730	 -0.1350	 -3.0225	  1.0000
  0.7460	  0.3730	 -0.1067	 -3.0765	  1.0000
  0.8703	  0.3730	 -0.0390	 -3.1051	  0.0000
  0.9946	  0.3730	 -0.0578	 -3.1089	  1.0000
  1.1189	  0.3730	 -0.0037	 -3.1040	  0.0000
  1.2433	  0.3730	 -0.0105	 -3.0510	  1.0000
  1.3676	  0.3730	  0.0282	 -3.0094	  1.0000
  1.4919	  0.3730	  0.0814	 -2.9916	  1.0000
  1.6162	  0.3730	  0.1352	 -2.9810	  1.0000
  1.7406	  0.3730	  0.1940	 -3.0154	  0.0000
  1.8649	  0.3730	  0.2123	 -3.0233	  1.0000
  1.9892	  0.3730	  0.0503	 -3.1328	  0.0000
  2.1136	  0.3730	  0.1990	 -3.0380	  1.0000
  2.2379	  0.3730	  0.1512	 -2.9728	  1.0000
  2.3622	  0.3730	  0.0695	 -2.8734	  1.0000
  2.4865	  0.3730	 -0.0296	 -2.7737	  1.0000
  2.6109	  0.3730	 -0.1137	 -2.6941	  1.0000
  2.7352	  0.3730	 -0.2755	 -2.4215	  0.0000
  2.8595	  0.3730	 -0.2219	 -2.5854	  0.0000
  2.9838	  0.3730	 -0.0214	 -2.9159	  0.0000
  3.1082	  0.3730	 -0.0981	 -2.9384	  0.0000
  3.2325	  0.3730	 -0.1191	 -2.8641	  0.0000
  3.3568	  0.3730	  0.1110	 -2.8837	  0.0000
  3.4811	  0.3730	 -0.0044	 -3.0022	  1.0000
  3.6055	  0.3730	  0.1680	 -3.1382	  0.0000
  3.7298	  0.3730	 -0.0749	 -3.0550	  0.0000
  3.8541	  0.3730	 -0.2116	 -2.9417	  0.0000
  3.9785	  0.3730	 -0.2307	 -2.7692	  0.0000
  4.1028	  0.3730	 -0.1342	 -2.8672	  1.0000
  4.2271	  0.3730	 -0.1422	 -2.8040	  1.0000
  4.3514	  0.3730	 -0.1747	 -2.6224	  0.0000
  4.4758	  0.3730	 -0.1561	 -2.6934	  1.0000
  4.6001	  0.3730	 -0.1421	 -2.6879	  1.0000
  4.7244	  0.3730	 -0.1410	 -2.7126	  1.0000
  4.8487	  0.3730	 -0.1344	 -2.7604	  1.0000
  4.9731	  0.3730	 -0.1356	 -2.7947	  1.0000
  5.0974	  0.3730	 -0.1344	 -2.8798	  1.0000
  0.1243	  0.4973	 -0.1696	 -2.7552	  1.0000
  0.2487	  0.4973	 -0.1840	 -2.8028	  1.0000
  0.3730	  0.4973	 -0.1681	 -2.8559	  1.0000
  0.4973	  0.4973	 -0.1461	 -2.9309	  1.0000
  0.6216	  0.4973	 -0.0516	 -3.2128	  0.0000
  0.7460	  0.4973	 -0.0905	 -3.0543	  1.0000
  0.8703	  0.4973	  0.0612	 -3.1903	  0.0000
  0.9946	  0.4973	 -0.0221	 -3.0836	  1.0000
  1.1189	  0.4973	  0.0064	 -3.0653	  1.0000
  1.2433	  0.4973	  0.0369	 -3.0271	  1.0000
  1.3676	  0.4973	  0.0850	 -2.9713	  1.0000
  1.4919	  0.4973	  0.1399	 -2.9333	  1.0000
  1.6162	  0.4973	  0.1828	 -2.9147	  1.0000
  1.7406	  0.4973	  0.2119	 -2.9312	  1.0000
  1.8649	  0.4973	  0.1947	 -2.9680	  1.0000
  1.9892	  0.4973	  0.3889	 -3.2317	  0.0000
  2.1136	  0.4973	  0.1101	 -3.0049	  1.0000
  2.2379	  0.4973	  0.0480	 -2.9441	  1.0000
  2.3622	  0.4973	 -0.0342	 -2.8490	  1.0000
  2.4865	  0.4973	 -0.1045	 -2.7427	  1.0000
  2.6109	  0.4973	 -0.1732	 -2.6554	  1.0000
  2.7352	  0.4973	 -0.3272	 -2.4693	  0.0000
  2.8595	  0.4973	 -0.4034	 -2.5646	  0.0000
  2.9838	  0.4973	 -0.2069	 -2.6906	  0.0000
  3.1082	  0.4973	 -0.0764	 -2.7258	  0.0000
  3.2325	  0.4973	 -0.0067	 -2.7488	  0.0000
  3.3568	  0.4973	 -0.0611	 -2.9241	  1.0000
  3.4811	  0.4973	 -0.0318	 -2.9714	  1.0000
  3.6055	  0.4973	  0.0789	 -3.1840	  0.0000
  3.7298	  0.4973	  0.0143	 -3.1169	  0.0000
  3.8541	  0.4973	 -0.1205	 -3.0060	  0.0000
  3.9785	  0.4973	 -0.1241	 -2.9114	  0.0000
  4.1028	  0.4973	 -0.1806	 -2.9215	  0.0000
  4.2271	  0.4973	 -0.1237	 -2.8199	  0.0000
  4.3514	  0.4973	 -0.1359	 -2.7041	  0.0000
  4.4758	  0.4973	 -0.1469	 -2.6954	  0.0000
  4.6001	  0.4973	 -0.1635	 -2.7038	  1.0000
  4.7244	  0.4973	 -0.1699	 -2.7485	  1.0000
  4.8487	  0.4973	 -0.1630	 -2.8158	  1.0000
  4.9731	  0.4973	 -0.1609	 -2.8634	  1.0000
  5.0974	  0.4973	 -0.1636	 -2.9490	  1.0000
  0.1243	  0.6216	 -0.4296	 -2.5953	  0.0000
  0.2487	  0.6216	 -0.1635	 -2.7746	  1.0000
  0.3730	  0.6216	 -0.1479	 -2.8207	  1.0000
  0.4973	  0.6216	 -0.1262	 -2.8843	  1.0000
  0.6216	  0.6216	 -0.1027	 -2.9386	  1.0000
  0.7460	  0.6216	 -0.0682	 -2.9853	  1.0000
  0.8703	  0.6216	 -0.0096	 -3.0030	  1.0000
  0.9946	  0.6216	  0.0213	 -3.0002	  1.0000
  1.1189	  0.6216	  0.0589	 -2.9832	  1.0000
  1.2433	  0.6216	  0.1103	 -3.0781	  0.0000
  1.3676	  0.6216	  0.1646	 -2.8904	  1.0000
  1.4919	  0.6216	  0.2172	 -2.8487	  1.0000
  1.6162	  0.6216	  0.2456	 -2.8322	  1.0000
  1.7406	  0.6216	  0.2479	 -2.8534	  1.0000
  1.8649	  0.6216	  0.1913	 -2.9008	  1.0000
  1.9892	  0.6216	  0.1169	 -2.9471	  1.0000
  2.1136	  0.6216	  0.0753	 -3.0497	  0.0000
  2.2379	  0.6216	 -0.2900	 -3.0316	  0.0000
  2.3622	  0.6216	 -0.1099	 -2.8291	  1.0000
  2.4865	  0.6216	 -0.1373	 -2.6234	  0.0000
  2.6109	  0.6216	 -0.2172	 -2.5682	  0.0000
  2.7352	  0.6216	 -0.3932	 -2.4609	  0.0000
  2.8595	  0.6216	 -0.4515	 -2.5211	  0.0000
  2.9838	  0.6216	 -0.3427	 -2.6654	  0.0000
  3.1082	  0.6216	 -0.2872	 -2.6280	  0.0000
  3.2325	  0.6216	 -0.1305	 -2.7532	  0.0000
  3.3568	  0.6216	 -0.0981	 -2.8837	  1.0000
  3.4811	  0.6216	 -0.0690	 -2.9468	  1.0000
  3.6055	  0.6216	  0.0496	 -3.0965	  0.0000
  3.7298	  0.6216	  0.0797	 -3.0501	  0.0000
  3.8541	  0.6216	  0.0174	 -2.9993	  0.0000
  3.9785	  0.6216	 -0.0574	 -2.9959	  0.0000
  4.1028	  0.6216	 -0.1264	 -2.8873	  1.0000
  4.2271	  0.6216	 -0.2065	 -2.7542	  0.0000
  4.3514	  0.6216	 -0.2423	 -2.6690	  0.0000
  4.4758	  0.6216	 -0.2760	 -2.5821	  0.0000
  4.6001	  0.6216	 -0.1643	 -2.7418	  1.0000
  4.7244	  0.6216	 -0.1821	 -2.8025	  1.0000
  4.8487	  0.6216	 -0.1828	 -2.8813	  1.0000
  4.9731	  0.6216	 -0.1829	 -2.9315	  1.0000
  5.0974	  0.6216	 -0.1714	 -2.9939	  1.0000
  0.1243	  0.7460	 -0.0833	 -2.6895	  0.0000
  0.2487	  0.7460	 -0.1264	 -2.6332	  0.0000
  0.3730	  0.7460	 -0.1285	 -2.7988	  1.0000
  0.4973	  0.7460	 -0.4894	 -3.0395	  0.0000
  0.6216	  0.7460	 -0.0848	 -2.8914	  1.0000
  0.7460	  0.7460	 -0.0476	 -2.9213	  1.0000
  0.8703	  0.7460	  0.0192	 -2.9241	  1.0000
  0.9946	  0.7460	 -0.0285	 -3.1318	  0.0000
  1.1189	  0.7460	  0.0425	 -3.0998	  0.0000
  1.2433	  0.7460	  0.0837	 -2.9983	  0.0000
  1.3676	  0.7460	  0.1909	 -2.8301	  0.0000
  1.4919	  0.7460	  0.2765	 -2.7604	  1.0000
  1.6162	  0.7460	  0.2891	 -2.7448	  1.0000
  1.7406	  0.7460	  0.3798	 -2.5442	  0.0000
  1.8649	  0.7460	  0.1983	 -2.8335	  1.0000
  1.9892	  0.7460	  0.1006	 -2.8921	  1.0000
  2.1136	  0.7460	 -0.3587	 -3.0098	  0.0000
  2.2379	  0.7460	 -0.0679	 -2.8945	  1.0000
  2.3622	  0.7460	 -0.1431	 -2.8331	  1.0000
  2.4865	  0.7460	 -0.0892	 -2.6854	  0.0000
  2.6109	  0.7460	 -0.2115	 -2.6614	  1.0000
  2.7352	  0.7460	 -0.2290	 -2.6137	  1.0000
  2.8595	  0.7460	 -0.2467	 -2.5969	  1.0000
  2.9838	  0.7460	 -0.2338	 -2.6214	  1.0000
  3.1082	  0.7460	 -0.2195	 -2.6815	  1.0000
  3.2325	  0.7460	 -0.1341	 -2.8160	  0.0000
  3.3568	  0.7460	 -0.1660	 -2.8416	  1.0000
  3.4811	  0.7460	 -0.1378	 -2.9201	  1.0000
  3.6055	  0.7460	 -0.1311	 -2.9736	  1.0000
  3.7298	  0.7460	 -0.0613	 -2.9678	  0.0000
  3.8541	  0.7460	 -0.0285	 -3.0694	  0.0000
  3.9785	  0.7460	 -0.1239	 -3.1452	  0.0000
  4.1028	  0.7460	 -0.2011	 -3.0947	  0.0000
  4.2271	  0.7460	 -0.1119	 -2.8235	  1.0000
  4.3514	  0.7460	 -0.1211	 -2.7715	  1.0000
  4.4758	  0.7460	 -0.1608	 -2.6376	  0.0000
  4.6001	  0.7460	 -0.2277	 -2.7724	  0.0000
  4.7244	  0.7460	 -0.1867	 -2.8444	  1.0000
  4.8487	  0.7460	 -0.1898	 -2.9242	  1.0000
  4.9731	  0.7460	 -0.1926	 -2.9641	  1.0000
  5.0974	  0.7460	 -0.1842	 -3.0122	  1.0000
  0.1243	  0.8703	  0.0791	 -2.6656	  0.0000
  0.2487	  0.8703	  0.0412	 -2.6726	  0.0000
  0.3730	  0.8703	 -0.0877	 -2.7902	  1.0000
  0.4973	  0.8703	 -0.0775	 -2.8334	  1.0000
  0.6216	  0.8703	 -0.0493	 -2.8455	  1.0000
  0.7460	  0.8703	 -0.0044	 -2.8519	  1.0000
  0.8703	  0.8703	  0.0178	 -2.7050	  0.0000
  0.9946	  0.8703	  0.0857	 -2.7366	  0.0000
  1.1189	  0.8703	  0.1762	 -2.7991	  1.0000
  1.2433	  0.8703	  0.2055	 -2.7007	  0.0000
  1.3676	  0.8703	  0.3092	 -2.7362	  0.0000
  1.4919	  0.8703	  0.4333	 -2.6264	  0.0000
  1.6162	  0.8703	  0.5216	 -2.5565	  0.0000
  1.7406	  0.8703	  0.4684	 -2.6210	  0.0000
  1.8649	  0.8703	  0.1924	 -2.8101	  1.0000
  1.9892	  0.8703	  0.0913	 -2.8780	  1.0000
  2.1136	  0.8703	  0.0022	 -2.9108	  1.0000
  2.2379	  0.8703	 -0.0651	 -2.9073	  1.0000
  2.3622	  0.8703	 -0.0722	 -2.8479	  0.0000
  2.4865	  0.8703	 -0.1555	 -2.7703	  1.0000
  2.6109	  0.8703	 -0.1875	 -2.6857	  1.0000
  2.7352	  0.8703	 -0.2102	 -2.6269	  1.0000
  2.8595	  0.8703	 -0.2411	 -2.5913	  1.0000
  2.9838	  0.8703	 -0.1182	 -2.5580	  0.0000
  3.1082	  0.8703	 -0.2389	 -2.6597	  1.0000
  3.2325	  0.8703	 -0.1737	 -2.7913	  0.0000
  3.3568	  0.8703	 -0.2241	 -2.8071	  1.0000
  3.4811	  0.8703	 -0.2884	 -2.9478	  0.0000
  3.6055	  0.8703	 -0.2184	 -2.9253	  0.0000
  3.7298	  0.8703	 -0.1854	 -2.9816	  1.0000
  3.8541	  0.8703	 -0.1699	 -3.0742	  0.0000
  3.9785	  0.8703	 -0.1780	 -3.2022	  0.0000
  4.1028	  0.8703	 -0.1171	 -2.8850	  1.0000
  4.2271	  0.8703	 -0.1082	 -2.8149	  1.0000
  4.3514	  0.8703	  0.1524	 -2.6143	  0.0000
  4.4758	  0.8703	  0.0323	 -2.6458	  0.0000
  4.6001	  0.8703	 -0.1903	 -2.8336	  0.0000
  4.7244	  0.8703	 -0.3593	 -3.0785	  0.0000
  4.8487	  0.8703	 -0.1818	 -2.9238	  1.0000
  4.9731	  0.8703	 -0.1233	 -3.0995	  0.0000
  5.0974	  0.8703	 -0.1782	 -2.9832	  1.0000
  0.1243	  0.9946	  0.0757	 -2.5860	  0.0000
  0.2487	  0.9946	 -0.0492	 -2.8031	  1.0000
  0.3730	  0.9946	 -0.0464	 -2.8206	  1.0000
  0.4973	  0.9946	 -0.0507	 -2.8459	  1.0000
  0.6216	  0.9946	 -0.0265	 -2.8423	  1.0000
  0.7460	  0.9946	 -0.0665	 -2.8310	  0.0000
  0.8703	  0.9946	  0.0776	 -2.6472	  0.0000
  0.9946	  0.9946	  0.1519	 -2.6382	  0.0000
  1.1189	  0.9946	  0.2350	 -2.6600	  0.0000
  1.2433	  0.9946	  0.3319	 -2.6905	  0.0000
  1.3676	  0.9946	  0.3612	 -2.6172	  0.0000
  1.4919	  0.9946	  0.1907	 -2.5318	  0.0000
  1.6162	  0.9946	  0.3336	 -2.5813	  0.0000
  1.7406	  0.9946	  0.2181	 -2.7669	  1.0000
  1.8649	  0.9946	  0.1327	 -2.8413	  1.0000
  1.9892	  0.9946	  0.0571	 -2.9040	  1.0000
  2.1136	  0.9946	 -0.0142	 -2.9403	  1.0000
  2.2379	  0.9946	 -0.0665	 -2.9439	  1.0000
  2.3622	  0.9946	 -0.1182	 -2.8990	  1.0000
  2.4865	  0.9946	 -0.0264	 -2.9037	  0.0000
  2.6109	  0.9946	 -0.1563	 -2.7278	  1.0000
  2.7352	  0.9946	 -0.1749	 -2.6512	  1.0000
  2.8595	  0.9946	 -0.2027	 -2.5884	  1.0000
  2.9838	  0.9946	 -0.2029	 -2.4999	  0.0000
  3.1082	  0.9946	 -0.2589	 -2.4746	  0.0000
  3.2325	  0.9946	 -0.2427	 -2.6904	  1.0000
  3.3568	  0.9946	 -0.4108	 -2.8729	  0.0000
  3.4811	  0.9946	 -0.4023	 -2.8167	  0.0000
  3.6055	  0.9946	 -0.2597	 -2.9063	  1.0000
  3.7298	  0.9946	 -0.2426	 -2.9506	  1.0000
  3.8541	  0.9946	 -0.2254	 -2.9532	  1.0000
  3.9785	  0.9946	 -0.1854	 -2.9159	  1.0000
  4.1028	  0.9946	 -0.1461	 -2.8631	  1.0000
  4.2271	  0.9946	  0.1837	 -2.6492	  0.0000
  4.3514	  0.9946	 -0.1083	 -2.7579	  1.0000
  4.4758	  0.9946	 -0.1059	 -2.7503	  1.0000
  4.6001	  0.9946	 -0.1395	 -2.9372	  0.0000
  4.7244	  0.9946	 -0.1590	 -2.8306	  1.0000
  4.8487	  0.9946	 -0.1714	 -2.8802	  1.0000
  4.9731	  0.9946	 -0.1749	 -2.9031	  1.0000
  5.0974	  0.9946	 -0.1680	 -2.9237	  1.0000
  0.1243	  1.1189	  0.0262	 -2.8233	  1.0000
  0.2487	  1.1189	  0.0027	 -2.8515	  1.0000
  0.3730	  1.1189	 -0.0015	 -2.8647	  1.0000
  0.4973	  1.1189	 -0.0099	 -2.8840	  1.0000
  0.6216	  1.1189	  0.0092	 -2.8696	  1.0000
  0.7460	  1.1189	  0.0539	 -2.8360	  1.0000
  0.8703	  1.1189	  0.2650	 -2.6233	  0.0000
  0.9946	  1.1189	  0.4042	 -2.5723	  0.0000
  1.1189	  1.1189	  0.2256	 -2.7089	  1.0000
  1.2433	  1.1189	  0.4002	 -2.6885	  0.0000
  1.3676	  1.1189	  0.2391	 -2.7132	  1.0000
  1.4919	  1.1189	  0.2216	 -2.7426	  1.0000
  1.6162	  1.1189	  0.1751	 -2.7884	  1.0000
  1.7406	  1.1189	  0.1629	 -2.9161	  0.0000
  1.8649	  1.1189	  0.0789	 -2.9135	  1.0000
  1.9892	  1.1189	  0.0295	 -2.9699	  1.0000
  2.1136	  1.1189	 -0.0153	 -2.9957	  1.0000
  2.2379	  1.1189	 -0.0492	 -2.9980	  1.0000
  2.3622	  1.1189	 -0.0151	 -2.9387	  0.0000
  2.4865	  1.1189	 -0.0620	 -2.9431	  0.0000
  2.6109	  1.1189	 -0.2793	 -2.6790	  0.0000
  2.7352	  1.1189	 -0.2417	 -2.5285	  0.0000
  2.8595	  1.1189	 -0.2206	 -2.5417	  0.0000
  2.9838	  1.1189	 -0.2124	 -2.5701	  1.0000
  3.1082	  1.1189	 -0.2382	 -2.5917	  1.0000
  3.2325	  1.1189	 -0.2497	 -2.6541	  1.0000
  3.3568	  1.1189	 -0.3611	 -2.7460	  0.0000
  3.4811	  1.1189	 -0.4177	 -2.7687	  0.0000
  3.6055	  1.1189	 -0.2647	 -2.8711	  1.0000
  3.7298	  1.1189	 -0.5042	 -2.9871	  0.0000
  3.8541	  1.1189	 -0.3732	 -2.9691	  0.0000
  3.9785	  1.1189	 -0.2270	 -2.8865	  1.0000
  4.1028	  1.1189	 -0.1868	 -2.8327	  1.0000
  4.2271	  1.1189	  0.0479	 -2.6234	  0.0000
  4.3514	  1.1189	 -0.1251	 -2.7418	  1.0000
  4.4758	  1.1189	 -0.1096	 -2.7297	  1.0000
  4.6001	  1.1189	 -0.1277	 -2.7489	  1.0000
  4.7244	  1.1189	 -0.1466	 -2.7822	  1.0000
  4.8487	  1.1189	 -0.1631	 -2.8122	  1.0000
  4.9731	  1.1189	 -0.1688	 -2.8283	  1.0000
  5.0974	  1.1189	 -0.1620	 -2.8418	  1.0000
  0.1243	  1.2433	  0.0407	 -2.8924	  1.0000
  0.2487	  1.2433	  0.0223	 -2.9157	  1.0000
  0.3730	  1.2433	  0.0166	 -2.9253	  1.0000
  0.4973	  1.2433	 -0.0631	 -3.0212	  0.0000
  0.6216	  1.2433	 -0.0567	 -3.0076	  0.0000
  0.7460	  1.2433	  0.0597	 -2.8819	  1.0000
  0.8703	  1.2433	  0.1034	 -2.8285	  1.0000
  0.9946	  1.2433	  0.1560	 -2.7764	  1.0000
  1.1189	  1.2433	  0.1809	 -2.7442	  1.0000
  1.2433	  1.2433	  0.1723	 -2.7391	  1.0000
  1.3676	  1.2433	  0.1355	 -2.7673	  1.0000
  1.4919	  1.2433	  0.0887	 -2.8176	  1.0000
  1.6162	  1.2433	  0.0297	 -2.8756	  1.0000
  1.7406	  1.2433	  0.0020	 -2.9327	  1.0000
  1.8649	  1.2433	 -0.0243	 -2.9925	  1.0000
  1.9892	  1.2433	 -0.0354	 -3.0368	  1.0000
  2.1136	  1.2433	 -0.0364	 -3.0478	  1.0000
  2.2379	  1.2433	 -0.0353	 -3.0418	  1.0000
  2.3622	  1.2433	 -0.1423	 -3.0823	  0.0000
  2.4865	  1.2433	 -0.0706	 -2.9048	  1.0000
  2.6109	  1.2433	 -0.0938	 -2.7888	  1.0000
  2.7352	  1.2433	 -0.1255	 -2.6813	  1.0000
  2.8595	  1.2433	 -0.0894	 -2.5137	  0.0000
  2.9838	  1.2433	 -0.2087	 -2.5433	  1.0000
  3.1082	  1.2433	 -0.1503	 -2.2946	  0.0000
  3.2325	  1.2433	 -0.2624	 -2.6015	  1.0000
  3.3568	  1.2433	 -0.2533	 -2.6700	  1.0000
  3.4811	  1.2433	 -0.2327	 -2.8688	  0.0000
  3.6055	  1.2433	 -0.2592	 -2.8065	  1.0000
  3.7298	  1.2433	 -0.3437	 -2.9465	  0.0000
  3.8541	  1.2433	 -0.2629	 -2.8502	  1.0000
  3.9785	  1.2433	 -0.2495	 -2.8286	  1.0000
  4.1028	  1.2433	 -0.4471	 -2.6368	  0.0000
  4.2271	  1.2433	 -0.1730	 -2.7515	  1.0000
  4.3514	  1.2433	 -0.1425	 -2.7185	  1.0000
  4.4758	  1.2433	 -0.1092	 -2.6913	  1.0000
  4.6001	  1.2433	 -0.1211	 -2.7025	  1.0000
  4.7244	  1.2433	 -0.1264	 -2.7151	  1.0000
  4.8487	  1.2433	 -0.1541	 -2.9126	  0.0000
  4.9731	  1.2433	 -0.1474	 -2.7388	  1.0000
  5.0974	  1.2433	 -0.1514	 -2.7590	  1.0000
  0.1243	  1.3676	  0.0604	 -2.9558	  1.0000
  0.2487	  1.3676	  0.0464	 -2.9694	  1.0000
  0.3730	  1.3676	  0.0831	 -3.0097	  0.0000
  0.4973	  1.3676	  0.0317	 -2.9782	  1.0000
  0.6216	  1.3676	  0.0100	 -3.0709	  0.0000
  0.7460	  1.3676	  0.0368	 -3.0861	  0.0000
  0.8703	  1.3676	  0.0867	 -3.0040	  0.0000
  0.9946	  1.3676	  0.1271	 -2.8059	  1.0000
  1.1189	  1.3676	  0.1284	 -2.7824	  1.0000
  1.2433	  1.3676	  0.1076	 -2.7940	  1.0000
  1.3676	  1.3676	  0.0519	 -2.8345	  1.0000
  1.4919	  1.3676	 -0.0049	 -2.8958	  1.0000
  1.6162	  1.3676	 -0.0607	 -2.9609	  1.0000
  1.7406	  1.3676	 -0.0789	 -3.0169	  1.0000
  1.8649	  1.3676	 -0.0856	 -3.0606	  1.0000
  1.9892	  1.3676	  0.0049	 -3.1709	  0.0000
  2.1136	  1.3676	  0.0157	 -3.1670	  0.0000
  2.2379	  1.3676	 -0.0328	 -3.2537	  0.0000
  2.3622	  1.3676	 -0.0539	 -3.1547	  0.0000
  2.4865	  1.3676	 -0.0286	 -2.9245	  1.0000
  2.6109	  1.3676	 -0.0540	 -2.8056	  1.0000
  2.7352	  1.3676	 -0.0970	 -2.6930	  1.0000
  2.8595	  1.3676	 -0.1530	 -2.5902	  1.0000
  2.9838	  1.3676	 -0.2050	 -2.5403	  1.0000
  3.1082	  1.3676	 -0.2652	 -2.5266	  1.0000
  3.2325	  1.3676	 -0.2801	 -2.5637	  1.0000
  3.3568	  1.3676	 -0.2772	 -2.6178	  1.0000
  3.4811	  1.3676	  0.0782	 -2.7926	  0.0000
  3.6055	  1.3676	 -0.0281	 -2.8287	  0.0000
  3.7298	  1.3676	 -0.1158	 -2.8971	  0.0000
  3.8541	  1.3676	 -0.2734	 -2.7954	  1.0000
  3.9785	  1.3676	 -0.2658	 -2.7883	  1.0000
  4.1028	  1.3676	 -0.4995	 -2.9365	  0.0000
  4.2271	  1.3676	 -0.3699	 -2.9048	  0.0000
  4.3514	  1.3676	 -0.1513	 -2.6850	  1.0000
  4.4758	  1.3676	 -0.1084	 -2.6536	  1.0000
  4.6001	  1.3676	 -0.1441	 -2.5700	  0.0000
  4.7244	  1.3676	 -0.1448	 -2.5399	  0.0000
  4.8487	  1.3676	 -0.1242	 -2.6038	  0.0000
  4.9731	  1.3676	 -0.2160	 -2.7302	  0.0000
  5.0974	  1.3676	 -0.1419	 -2.5712	  0.0000
  0.1243	  1.4919	  0.0208	 -2.9643	  1.0000
  0.2487	  1.4919	  0.0087	 -2.9678	  1.0000
  0.3730	  1.4919	  0.0853	 -3.0315	  0.0000
  0.4973	  1.4919	 -0.0041	 -2.9648	  1.0000
  0.6216	  1.4919	 -0.0003	 -2.9437	  1.0000
  0.7460	  1.4919	  0.0171	 -2.9066	  1.0000
  0.8703	  1.4919	  0.0385	 -2.8655	  1.0000
  0.9946	  1.4919	  0.0623	 -2.8198	  1.0000
  1.1189	  1.4919	  0.0494	 -2.8078	  1.0000
  1.2433	  1.4919	  0.0196	 -2.8293	  1.0000
  1.3676	  1.4919	 -0.0408	 -2.8812	  1.0000
  1.4919	  1.4919	 -0.0995	 -2.9443	  1.0000
  1.6162	  1.4919	 -0.3182	 -3.1040	  0.0000
  1.7406	  1.4919	 -0.4796	 -3.2047	  0.0000
  1.8649	  1.4919	 -0.4394	 -3.2387	  0.0000
  1.9892	  1.4919	 -0.1155	 -3.1006	  0.0000
  2.1136	  1.4919	 -0.0701	 -3.0951	  0.0000
  2.2379	  1.4919	  0.0098	 -3.1369	  0.0000
  2.3622	  1.4919	  0.0762	 -3.0643	  0.0000
  2.4865	  1.4919	  0.0145	 -2.9348	  1.0000
  2.6109	  1.4919	 -0.0008	 -2.8136	  1.0000
  2.7352	  1.4919	 -0.0490	 -2.6979	  1.0000
  2.8595	  1.4919	 -0.1196	 -2.5914	  1.0000
  2.9838	  1.4919	 -0.1911	 -2.5262	  1.0000
  3.1082	  1.4919	 -0.2702	 -2.4983	  1.0000
  3.2325	  1.4919	 -0.4279	 -2.4473	  0.0000
  3.3568	  1.4919	 -0.4613	 -2.4726	  0.0000
  3.4811	  1.4919	 -0.0069	 -2.5994	  0.0000
  3.6055	  1.4919	  0.0145	 -2.7061	  0.0000
  3.7298	  1.4919	 -0.2505	 -2.6952	  1.0000
  3.8541	  1.4919	 -0.2726	 -2.7151	  1.0000
  3.9785	  1.4919	 -0.2634	 -2.7265	  1.0000
  4.1028	  1.4919	 -0.2270	 -2.7184	  1.0000
  4.2271	  1.4919	 -0.1762	 -2.6976	  1.0000
  4.3514	  1.4919	 -0.1399	 -2.6615	  1.0000
  4.4758	  1.4919	 -0.0145	 -2.6170	  0.0000
  4.6001	  1.4919	 -0.0320	 -2.5070	  0.0000
  4.7244	  1.4919	 -0.0911	 -2.5311	  0.0000
  4.8487	  1.4919	 -0.1417	 -2.6458	  0.0000
  4.9731	  1.4919	 -0.0702	 -2.6230	  1.0000
  5.0974	  1.4919	 -0.0910	 -2.6343	  0.0000
  0.1243	  1.6162	 -0.0598	 -2.9169	  1.0000
  0.2487	  1.6162	 -0.0619	 -2.9183	  1.0000
  0.3730	  1.6162	 -0.0608	 -2.9200	  1.0000
  0.4973	  1.6162	 -0.0465	 -2.9175	  1.0000
  0.6216	  1.6162	 -0.0007	 -3.0585	  0.0000
  0.7460	  1.6162	 -0.0149	 -2.8758	  1.0000
  0.8703	  1.6162	  0.0231	 -2.7216	  0.0000
  0.9946	  1.6162	  0.0203	 -2.8241	  1.0000
  1.1189	  1.6162	 -0.0102	 -2.8301	  1.0000
  1.2433	  1.6162	 -0.0386	 -2.8617	  1.0000
  1.3676	  1.6162	 -0.0870	 -2.9235	  1.0000
  1.4919	  1.6162	 -0.1346	 -2.9896	  1.0000
  1.6162	  1.6162	 -0.1665	 -3.0421	  1.0000
  1.7406	  1.6162	 -0.1475	 -3.0568	  1.0000
  1.8649	  1.6162	 -0.1135	 -3.0601	  1.0000
  1.9892	  1.6162	 -0.0736	 -3.0531	  1.0000
  2.1136	  1.6162	 -0.0240	 -3.0397	  1.0000
  2.2379	  1.6162	  0.0220	 -3.0164	  1.0000
  2.3622	  1.6162	  0.1184	 -3.0324	  0.0000
  2.4865	  1.6162	  0.1491	 -2.9541	  0.0000
  2.6109	  1.6162	  0.0313	 -2.8059	  1.0000
  2.7352	  1.6162	 -0.0238	 -2.6989	  1.0000
  2.8595	  1.6162	 -0.1129	 -2.6078	  1.0000
  2.9838	  1.6162	 -0.1975	 -2.5374	  1.0000
  3.1082	  1.6162	 -0.2948	 -2.4962	  1.0000
  3.2325	  1.6162	 -0.3674	 -2.5084	  0.0000
  3.3568	  1.6162	 -0.5011	 -2.4464	  0.0000
  3.4811	  1.6162	 -0.4920	 -2.4836	  0.0000
  3.6055	  1.6162	 -0.4832	 -2.5809	  0.0000
  3.7298	  1.6162	 -0.3698	 -2.6821	  0.0000
  3.8541	  1.6162	 -0.2380	 -2.7408	  0.0000
  3.9785	  1.6162	 -0.0307	 -2.6820	  0.0000
  4.1028	  1.6162	 -0.2247	 -2.6792	  1.0000
  4.2271	  1.6162	 -0.1702	 -2.6708	  1.0000
  4.3514	  1.6162	 -0.1274	 -2.6420	  1.0000
  4.4758	  1.6162	  0.0400	 -2.6461	  0.0000
  4.6001	  1.6162	 -0.0068	 -2.5108	  0.0000
  4.7244	  1.6162	 -0.0410	 -2.5490	  0.0000
  4.8487	  1.6162	 -0.0123	 -2.6357	  0.0000
  4.9731	  1.6162	  0.0502	 -2.6301	  0.0000
  5.0974	  1.6162	 -0.0386	 -2.5897	  1.0000
  0.1243	  1.7406	 -0.1214	 -2.8304	  1.0000
  0.2487	  1.7406	 -0.1212	 -2.8330	  1.0000
  0.3730	  1.7406	 -0.1278	 -2.8361	  1.0000
  0.4973	  1.7406	 -0.1177	 -2.8360	  1.0000
  0.6216	  1.7406	 -0.1036	 -2.8287	  1.0000
  0.7460	  1.7406	 -0.0787	 -2.8160	  1.0000
  0.8703	  1.7406	 -0.0614	 -2.8099	  1.0000
  0.9946	  1.7406	 -0.0537	 -2.8144	  1.0000
  1.1189	  1.7406	 -0.0765	 -2.8388	  1.0000
  1.2433	  1.7406	  0.0023	 -2.7574	  0.0000
  1.3676	  1.7406	 -0.2120	 -2.8507	  0.0000
  1.4919	  1.7406	 -0.2337	 -3.0332	  0.0000
  1.6162	  1.7406	 -0.1511	 -3.0237	  1.0000
  1.7406	  1.7406	 -0.1238	 -3.0239	  1.0000
  1.8649	  1.7406	 -0.0867	 -3.0134	  1.0000
  1.9892	  1.7406	 -0.0507	 -2.9969	  1.0000
  2.1136	  1.7406	 -0.0080	 -2.9802	  1.0000
  2.2379	  1.7406	 -0.0693	 -3.0265	  0.0000
  2.3622	  1.7406	  0.0813	 -3.0351	  0.0000
  2.4865	  1.7406	  0.1485	 -2.9470	  0.0000
  2.6109	  1.7406	  0.0529	 -2.7915	  1.0000
  2.7352	  1.7406	  0.1811	 -2.5565	  0.0000
  2.8595	  1.7406	  0.0050	 -2.4607	  0.0000
  2.9838	  1.7406	 -0.1869	 -2.5446	  1.0000
  3.1082	  1.7406	 -0.3756	 -2.4994	  0.0000
  3.2325	  1.7406	 -0.3593	 -2.4725	  0.0000
  3.3568	  1.7406	 -0.4089	 -2.4191	  0.0000
  3.4811	  1.7406	 -0.3943	 -2.3977	  0.0000
  3.6055	  1.7406	 -0.4454	 -2.4194	  0.0000
  3.7298	  1.7406	 -0.3903	 -2.3868	  0.0000
  3.8541	  1.7406	 -0.2944	 -2.5807	  1.0000
  3.9785	  1.7406	 -0.2818	 -2.5855	  0.0000
  4.1028	  1.7406	 -0.2065	 -2.6238	  1.0000
  4.2271	  1.7406	 -0.1464	 -2.6272	  1.0000
  4.3514	  1.7406	  0.0109	 -2.7167	  0.0000
  4.4758	  1.7406	  0.0201	 -2.6216	  0.0000
  4.6001	  1.7406	  0.0143	 -2.5227	  0.0000
  4.7244	  1.7406	  0.0525	 -2.5286	  0.0000
  4.8487	  1.7406	  0.0750	 -2.5896	  0.0000
  4.9731	  1.7406	  0.0896	 -2.5947	  0.0000
  5.0974	  1.7406	 -0.0114	 -2.5671	  1.0000
  0.1243	  1.8649	 -0.1799	 -2.7409	  1.0000
  0.2487	  1.8649	 -0.1783	 -2.7454	  1.0000
  0.3730	  1.8649	 -0.1966	 -2.7541	  1.0000
  0.4973	  1.8649	 -0.1852	 -2.7582	  1.0000
  0.6216	  1.8649	 -0.1730	 -2.7581	  1.0000
  0.7460	  1.8649	  0.1410	 -2.6896	  0.0000
  0.8703	  1.8649	 -0.1205	 -2.7714	  1.0000
  0.9946	  1.8649	 -0.0980	 -2.7960	  1.0000
  1.1189	  1.8649	  0.1012	 -2.7261	  0.0000
  1.2433	  1.8649	 -0.1215	 -2.8906	  1.0000
  1.3676	  1.8649	 -0.1640	 -2.9856	  0.0000
  1.4919	  1.8649	 -0.1253	 -2.9808	  1.0000
  1.6162	  1.8649	  0.0182	 -3.1517	  0.0000
  1.7406	  1.8649	  0.0374	 -3.0983	  0.0000
  1.8649	  1.8649	 -0.0364	 -2.9522	  1.0000
  1.9892	  1.8649	  0.1008	 -2.6150	  0.0000
  2.1136	  1.8649	  0.1342	 -2.7496	  0.0000
  2.2379	  1.8649	  0.0424	 -2.9031	  1.0000
  2.3622	  1.8649	  0.0552	 -2.8848	  1.0000
  2.4865	  1.8649	  0.0629	 -2.8460	  1.0000
  2.6109	  1.8649	  0.0421	 -2.7737	  1.0000
  2.7352	  1.8649	  0.1158	 -2.6799	  0.0000
  2.8595	  1.8649	 -0.0929	 -2.6194	  1.0000
  2.9838	  1.8649	 -0.1765	 -2.5584	  1.0000
  3.1082	  1.8649	 -0.4664	 -2.5798	  0.0000
  3.2325	  1.8649	 -0.4312	 -2.4585	  0.0000
  3.3568	  1.8649	 -0.4135	 -2.3564	  0.0000
  3.4811	  1.8649	 -0.3929	 -2.4846	  1.0000
  3.6055	  1.8649	 -0.3862	 -2.5038	  1.0000
  3.7298	  1.8649	 -0.3561	 -2.2920	  0.0000
  3.8541	  1.8649	 -0.3225	 -2.5494	  1.0000
  3.9785	  1.8649	 -0.2719	 -2.5675	  1.0000
  4.1028	  1.8649	 -0.2907	 -2.5138	  0.0000
  4.2271	  1.8649	 -0.2472	 -2.5494	  0.0000
  4.3514	  1.8649	 -0.1251	 -2.6494	  0.0000
  4.4758	  1.8649	 -0.0340	 -2.6356	  0.0000
  4.6001	  1.8649	  0.0351	 -2.5444	  0.0000
  4.7244	  1.8649	  0.0432	 -2.5202	  0.0000
  4.8487	  1.8649	  0.0509	 -2.4928	  0.0000
  4.9731	  1.8649	 -0.0146	 -2.4899	  0.0000
  5.0974	  1.8649	  0.0060	 -2.4535	  0.0000
  0.1243	  1.9892	 -0.2136	 -2.6452	  1.0000
  0.2487	  1.9892	 -0.2119	 -2.6506	  1.0000
  0.3730	  1.9892	 -0.3557	 -2.6319	  0.0000
  0.4973	  1.9892	 -0.2234	 -2.6722	  1.0000
  0.6216	  1.9892	 -0.4772	 -2.6809	  0.0000
  0.7460	  1.9892	 -0.3521	 -2.6917	  0.0000
  0.8703	  1.9892	 -0.0040	 -2.6728	  0.0000
  0.9946	  1.9892	 -0.1589	 -2.7962	  1.0000
  1.1189	  1.9892	 -0.1652	 -2.8447	  1.0000
  1.2433	  1.9892	 -0.1610	 -2.9028	  1.0000
  1.3676	  1.9892	 -0.1493	 -2.9417	  1.0000
  1.4919	  1.9892	 -0.1285	 -2.9682	  1.0000
  1.6162	  1.9892	 -0.1014	 -2.9492	  1.0000
  1.7406	  1.9892	  0.0795	 -2.9549	  0.0000
  1.8649	  1.9892	 -0.0241	 -2.8958	  1.0000
  1.9892	  1.9892	 -0.0013	 -2.8709	  1.0000
  2.1136	  1.9892	  0.0198	 -2.8590	  1.0000
  2.2379	  1.9892	  0.0391	 -2.8523	  1.0000
  2.3622	  1.9892	  0.0458	 -2.8412	  1.0000
  2.4865	  1.9892	  0.0482	 -2.8141	  1.0000
  2.6109	  1.9892	  0.0335	 -2.7526	  1.0000
  2.7352	  1.9892	 -0.0153	 -2.7659	  0.0000
  2.8595	  1.9892	 -0.0751	 -2.6151	  1.0000
  2.9838	  1.9892	 -0.1461	 -2.5604	  1.0000
  3.1082	  1.9892	 -0.2271	 -2.5242	  1.0000
  3.2325	  1.9892	 -0.2977	 -2.5222	  1.0000
  3.3568	  1.9892	 -0.3886	 -2.3696	  0.0000
  3.4811	  1.9892	 -0.4394	 -2.4067	  0.0000
  3.6055	  1.9892	 -0.3741	 -2.5228	  1.0000
  3.7298	  1.9892	 -0.3695	 -2.5328	  1.0000
  3.8541	  1.9892	 -0.3464	 -2.5399	  1.0000
  3.9785	  1.9892	 -0.3008	 -2.5493	  1.0000
  4.1028	  1.9892	 -0.2425	 -2.5709	  1.0000
  4.2271	  1.9892	 -0.1790	 -2.5759	  1.0000
  4.3514	  1.9892	 -0.0672	 -2.5688	  0.0000
  4.4758	  1.9892	 -0.0292	 -2.6132	  0.0000
  4.6001	  1.9892	  0.0299	 -2.5712	  0.0000
  4.7244	  1.9892	 -0.0004	 -2.5971	  0.0000
  4.8487	  1.9892	  0.0092	 -2.5363	  1.0000
  4.9731	  1.9892	 -0.0395	 -2.5183	  0.0000
  5.0974	  1.9892	 -0.0487	 -2.5118	  0.0000
  0.1243	  2.1136	 -0.1971	 -2.5924	  1.0000
  0.2487	  2.1136	 -0.1979	 -2.6022	  1.0000
  0.3730	  2.1136	 -0.2225	 -2.6163	  1.0000
  0.4973	  2.1136	 -0.2229	 -2.6346	  1.0000
  0.6216	  2.1136	 -0.5568	 -2.7006	  0.0000
  0.7460	  2.1136	 -0.2236	 -2.6999	  1.0000
  0.8703	  2.1136	 -0.2184	 -2.7436	  1.0000
  0.9946	  2.1136	 -0.1997	 -2.8135	  1.0000
  1.1189	  2.1136	 -0.2003	 -2.8674	  1.0000
  1.2433	  2.1136	 -0.3567	 -3.0797	  0.0000
  1.3676	  2.1136	 -0.1603	 -2.9256	  1.0000
  1.4919	  2.1136	 -0.1315	 -2.9367	  1.0000
  1.6162	  2.1136	 -0.0758	 -2.9342	  0.0000
  1.7406	  2.1136	 -0.0603	 -2.8913	  0.0000
  1.8649	  2.1136	 -0.1127	 -2.7908	  0.0000
  1.9892	  2.1136	  0.0057	 -2.8088	  1.0000
  2.1136	  2.1136	  0.0229	 -2.7954	  1.0000
  2.2379	  2.1136	  0.0375	 -2.7899	  1.0000
  2.3622	  2.1136	  0.0364	 -2.7855	  1.0000
  2.4865	  2.1136	 -0.0787	 -2.8364	  0.0000
  2.6109	  2.1136	  0.0101	 -2.7224	  1.0000
  2.7352	  2.1136	 -0.0228	 -2.6573	  1.0000
  2.8595	  2.1136	 -0.0780	 -2.5782	  0.0000
  2.9838	  2.1136	 -0.1099	 -2.5513	  1.0000
  3.1082	  2.1136	 -0.1684	 -2.5225	  1.0000
  3.2325	  2.1136	 -0.2661	 -2.4901	  0.0000
  3.3568	  2.1136	 -0.2945	 -2.6606	  0.0000
  3.4811	  2.1136	 -0.3513	 -2.6490	  0.0000
  3.6055	  2.1136	 -0.3995	 -2.5320	  0.0000
  3.7298	  2.1136	 -0.3472	 -2.5670	  1.0000
  3.8541	  2.1136	 -0.3449	 -2.5663	  1.0000
  3.9785	  2.1136	 -0.3891	 -2.5000	  0.0000
  4.1028	  2.1136	 -0.2751	 -2.5708	  1.0000
  4.2271	  2.1136	 -0.2158	 -2.5745	  1.0000
  4.3514	  2.1136	 -0.0382	 -2.5137	  0.0000
  4.4758	  2.1136	 -0.0047	 -2.5410	  0.0000
  4.6001	  2.1136	  0.0559	 -2.6003	  0.0000
  4.7244	  2.1136	  0.0929	 -2.6063	  0.0000
  4.8487	  2.1136	  0.0393	 -2.4884	  0.0000
  4.9731	  2.1136	 -0.0114	 -2.4769	  0.0000
  5.0974	  2.1136	 -0.0809	 -2.4211	  0.0000
  0.1243	  2.2379	 -0.0966	 -2.5831	  1.0000
  0.2487	  2.2379	 -0.1146	 -2.5892	  1.0000
  0.3730	  2.2379	 -0.0402	 -2.5025	  0.0000
  0.4973	  2.2379	 -0.1071	 -2.5290	  0.0000
  0.6216	  2.2379	 -0.1971	 -2.6407	  1.0000
  0.7460	  2.2379	 -0.1980	 -2.6881	  1.0000
  0.8703	  2.2379	 -0.3535	 -2.5827	  0.0000
  0.9946	  2.2379	 -0.1740	 -2.7953	  1.0000
  1.1189	  2.2379	 -0.3732	 -2.8934	  0.0000
  1.2433	  2.2379	 -0.2624	 -3.2176	  0.0000
  1.3676	  2.2379	 -0.1263	 -2.8732	  1.0000
  1.4919	  2.2379	 -0.1033	 -2.8638	  1.0000
  1.6162	  2.2379	 -0.0876	 -2.8202	  1.0000
  1.7406	  2.2379	 -0.0584	 -2.7942	  1.0000
  1.8649	  2.2379	 -0.0354	 -2.7586	  1.0000
  1.9892	  2.2379	 -0.0097	 -2.7521	  1.0000
  2.1136	  2.2379	  0.0093	 -2.7503	  1.0000
  2.2379	  2.2379	  0.0281	 -2.7569	  1.0000
  2.3622	  2.2379	  0.0969	 -2.8292	  0.0000
  2.4865	  2.2379	  0.0124	 -2.7422	  1.0000
  2.6109	  2.2379	 -0.0033	 -2.6975	  1.0000
  2.7352	  2.2379	 -0.0204	 -2.6283	  1.0000
  2.8595	  2.2379	 -0.0436	 -2.5641	  1.0000
  2.9838	  2.2379	 -0.0748	 -2.5206	  1.0000
  3.1082	  2.2379	 -0.1070	 -2.5088	  1.0000
  3.2325	  2.2379	 -0.1472	 -2.5692	  0.0000
  3.3568	  2.2379	 -0.2462	 -2.6804	  0.0000
  3.4811	  2.2379	 -0.3929	 -2.7912	  0.0000
  3.6055	  2.2379	 -0.4162	 -2.7213	  0.0000
  3.7298	  2.2379	 -0.3644	 -2.6090	  0.0000
  3.8541	  2.2379	 -0.3237	 -2.5946	  1.0000
  3.9785	  2.2379	 -0.3025	 -2.5876	  1.0000
  4.1028	  2.2379	 -0.4758	 -2.6115	  0.0000
  4.2271	  2.2379	 -0.2189	 -2.5903	  1.0000
  4.3514	  2.2379	 -0.1718	 -2.4861	  0.0000
  4.4758	  2.2379	 -0.1040	 -2.5100	  0.0000
  4.6001	  2.2379	 -0.0517	 -2.5904	  0.0000
  4.7244	  2.2379	  0.0095	 -2.6176	  0.0000
  4.8487	  2.2379	 -0.0467	 -2.5337	  1.0000
  4.9731	  2.2379	 -0.0434	 -2.5047	  1.0000
  5.0974	  2.2379	 -0.0300	 -2.5386	  0.0000
  0.1243	  2.3622	  0.0111	 -2.6094	  1.0000
  0.2487	  2.3622	 -0.0101	 -2.6133	  1.0000
  0.3730	  2.3622	 -0.0365	 -2.6270	  1.0000
  0.4973	  2.3622	 -0.0701	 -2.6304	  1.0000
  0.6216	  2.3622	 -0.0912	 -2.6393	  1.0000
  0.7460	  2.3622	 -0.0881	 -2.6709	  1.0000
  0.8703	  2.3622	 -0.0811	 -2.7018	  1.0000
  0.9946	  2.3622	 -0.0572	 -2.7459	  1.0000
  1.1189	  2.3622	 -0.0477	 -2.7841	  1.0000
  1.2433	  2.3622	 -0.0330	 -2.8152	  1.0000
  1.3676	  2.3622	 -0.0358	 -2.7970	  1.0000
  1.4919	  2.3622	 -0.0383	 -2.7842	  1.0000
  1.6162	  2.3622	 -0.2489	 -2.4802	  0.0000
  1.7406	  2.3622	 -0.0351	 -2.7170	  1.0000
  1.8649	  2.3622	 -0.0282	 -2.6904	  1.0000
  1.9892	  2.3622	 -0.0116	 -2.6860	  1.0000
  2.1136	  2.3622	  0.0018	 -2.6907	  1.0000
  2.2379	  2.3622	  0.0150	 -2.7035	  1.0000
  2.3622	  2.3622	  0.0034	 -2.7082	  1.0000
  2.4865	  2.3622	 -0.0125	 -2.6921	  1.0000
  2.6109	  2.3622	 -0.0347	 -2.6408	  1.0000
  2.7352	  2.3622	 -0.0447	 -2.5736	  1.0000
  2.8595	  2.3622	 -0.0540	 -2.5126	  1.0000
  2.9838	  2.3622	 -0.0641	 -2.4763	  1.0000
  3.1082	  2.3622	  0.1960	 -2.3943	  0.0000
  3.2325	  2.3622	  0.0511	 -2.5281	  0.0000
  3.3568	  2.3622	 -0.0722	 -2.6169	  0.0000
  3.4811	  2.3622	 -0.0875	 -2.6210	  0.0000
  3.6055	  2.3622	 -0.2260	 -2.6329	  1.0000
  3.7298	  2.3622	 -0.2676	 -2.6267	  1.0000
  3.8541	  2.3622	 -0.3015	 -2.6050	  0.0000
  3.9785	  2.3622	 -0.3746	 -2.6959	  0.0000
  4.1028	  2.3622	 -0.3745	 -2.6546	  0.0000
  4.2271	  2.3622	 -0.3151	 -2.5461	  0.0000
  4.3514	  2.3622	 -0.2545	 -2.6013	  0.0000
  4.4758	  2.3622	 -0.1064	 -2.6292	  1.0000
  4.6001	  2.3622	 -0.2390	 -2.7477	  0.0000
  4.7244	  2.3622	 -0.2187	 -2.7425	  0.0000
  4.8487	  2.3622	 -0.0514	 -2.5467	  1.0000
  4.9731	  2.3622	 -0.1769	 -2.3098	  0.0000
  5.0974	  2.3622	 -0.0940	 -2.2830	  0.0000
  0.1243	  2.4865	  0.1617	 -2.6494	  1.0000
  0.2487	  2.4865	  0.1278	 -2.6479	  1.0000
  0.3730	  2.4865	  0.0028	 -2.5816	  0.0000
  0.4973	  2.4865	 -0.1077	 -2.6225	  0.0000
  0.6216	  2.4865	  0.0369	 -2.7940	  0.0000
  0.7460	  2.4865	  0.0324	 -2.6536	  1.0000
  0.8703	  2.4865	  0.0500	 -2.6648	  1.0000
  0.9946	  2.4865	  0.0818	 -2.6880	  1.0000
  1.1189	  2.4865	  0.0964	 -2.7118	  1.0000
  1.2433	  2.4865	  0.1026	 -2.7316	  1.0000
  1.3676	  2.4865	  0.0831	 -2.7127	  1.0000
  1.4919	  2.4865	  0.0564	 -2.7057	  1.0000
  1.6162	  2.4865	  0.0170	 -2.6791	  1.0000
  1.7406	  2.4865	  0.0081	 -2.6596	  1.0000
  1.8649	  2.4865	 -0.0034	 -2.6454	  1.0000
  1.9892	  2.4865	 -0.0017	 -2.6499	  1.0000
  2.1136	  2.4865	  0.0002	 -2.6587	  1.0000
  2.2379	  2.4865	  0.0204	 -2.5447	  0.0000
  2.3622	  2.4865	 -0.0190	 -2.6782	  1.0000
  2.4865	  2.4865	  0.0841	 -2.8338	  0.0000
  2.6109	  2.4865	 -0.0216	 -2.8354	  0.0000
  2.7352	  2.4865	 -0.0769	 -2.5370	  1.0000
  2.8595	  2.4865	 -0.0803	 -2.4781	  1.0000
  2.9838	  2.4865	  0.1356	 -2.1929	  0.0000
  3.1082	  2.4865	 -0.0717	 -2.4662	  1.0000
  3.2325	  2.4865	 -0.0727	 -2.5286	  1.0000
  3.3568	  2.4865	  0.0309	 -2.6125	  0.0000
  3.4811	  2.4865	  0.0448	 -2.6481	  0.0000
  3.6055	  2.4865	 -0.1998	 -2.6389	  1.0000
  3.7298	  2.4865	 -0.2426	 -2.6367	  1.0000
  3.8541	  2.4865	 -0.1608	 -2.5443	  0.0000
  3.9785	  2.4865	 -0.2658	 -2.6137	  1.0000
  4.1028	  2.4865	 -0.2303	 -2.6083	  1.0000
  4.2271	  2.4865	 -0.2072	 -2.5967	  0.0000
  4.3514	  2.4865	 -0.1653	 -2.6589	  0.0000
  4.4758	  2.4865	 -0.1797	 -2.8049	  0.0000
  4.6001	  2.4865	 -0.0934	 -2.7385	  0.0000
  4.7244	  2.4865	 -0.0734	 -2.7214	  0.0000
  4.8487	  2.4865	 -0.0501	 -2.7892	  0.0000
  4.9731	  2.4865	 -0.0185	 -2.1280	  0.0000
  5.0974	  2.4865	 -0.0369	 -2.2193	  0.0000
  0.1243	  2.6109	  0.2858	 -2.6960	  1.0000
  0.2487	  2.6109	  0.2525	 -2.6955	  1.0000
  0.3730	  2.6109	  0.2306	 -2.6939	  1.0000
  0.4973	  2.6109	  0.1928	 -2.6742	  1.0000
  0.6216	  2.6109	  0.1686	 -2.6568	  1.0000
  0.7460	  2.6109	  0.1695	 -2.6422	  1.0000
  0.8703	  2.6109	  0.1902	 -2.6287	  1.0000
  0.9946	  2.6109	  0.2198	 -2.6222	  1.0000
  1.1189	  2.6109	  0.2297	 -2.6363	  1.0000
  1.2433	  2.6109	  0.2295	 -2.6413	  1.0000
  1.3676	  2.6109	  0.2555	 -2.6734	  0.0000
  1.4919	  2.6109	  0.1491	 -2.6171	  1.0000
  1.6162	  2.6109	  0.0890	 -2.6110	  1.0000
  1.7406	  2.6109	  0.0558	 -2.6007	  1.0000
  1.8649	  2.6109	  0.0206	 -2.6006	  1.0000
  1.9892	  2.6109	  0.0021	 -2.6149	  1.0000
  2.1136	  2.6109	 -0.0122	 -2.6304	  1.0000
  2.2379	  2.6109	  0.0431	 -2.4971	  0.0000
  2.3622	  2.6109	 -0.0540	 -2.6448	  1.0000
  2.4865	  2.6109	 -0.0674	 -2.6451	  0.0000
  2.6109	  2.6109	 -0.1137	 -2.5686	  1.0000
  2.7352	  2.6109	 -0.1257	 -2.5001	  1.0000
  2.8595	  2.6109	 -0.2678	 -2.0600	  0.0000
  2.9838	  2.6109	 -0.1092	 -2.4256	  1.0000
  3.1082	  2.6109	 -0.0881	 -2.4452	  1.0000
  3.2325	  2.6109	 -0.0730	 -2.5081	  1.0000
  3.3568	  2.6109	 -0.0853	 -2.5628	  1.0000
  3.4811	  2.6109	  0.0297	 -2.7217	  0.0000
  3.6055	  2.6109	 -0.1639	 -2.6187	  1.0000
  3.7298	  2.6109	 -0.2040	 -2.6198	  1.0000
  3.8541	  2.6109	 -0.2323	 -2.6104	  1.0000
  3.9785	  2.6109	 -0.2299	 -2.6069	  1.0000
  4.1028	  2.6109	 -0.1979	 -2.6023	  1.0000
  4.2271	  2.6109	 -0.0883	 -2.6447	  0.0000
  4.3514	  2.6109	 -0.0814	 -2.6756	  0.0000
  4.4758	  2.6109	 -0.0451	 -2.6717	  0.0000
  4.6001	  2.6109	  0.0272	 -2.6025	  0.0000
  4.7244	  2.6109	  0.0006	 -2.7116	  0.0000
  4.8487	  2.6109	 -0.0634	 -2.7803	  0.0000
  4.9731	  2.6109	 -0.0624	 -2.5152	  1.0000
  5.0974	  2.6109	 -0.0574	 -2.4669	  1.0000
  0.1243	  2.7352	  0.3919	 -2.7394	  1.0000
  0.2487	  2.7352	  0.6185	 -2.7850	  0.0000
  0.3730	  2.7352	  0.5738	 -2.8145	  0.0000
  0.4973	  2.7352	  0.3135	 -2.6906	  1.0000
  0.6216	  2.7352	  0.2990	 -2.6534	  1.0000
  0.7460	  2.7352	  0.3068	 -2.6169	  1.0000
  0.8703	  2.7352	  0.3207	 -2.5835	  1.0000
  0.9946	  2.7352	  0.5029	 -2.5010	  0.0000
  1.1189	  2.7352	  0.5618	 -2.4779	  0.0000
  1.2433	  2.7352	  0.6118	 -2.5345	  0.0000
  1.3676	  2.7352	  0.2818	 -2.5646	  1.0000
  1.4919	  2.7352	  0.2269	 -2.5694	  1.0000
  1.6162	  2.7352	  0.1577	 -2.5818	  1.0000
  1.7406	  2.7352	  0.0978	 -2.6359	  0.0000
  1.8649	  2.7352	  0.0648	 -2.5956	  1.0000
  1.9892	  2.7352	  0.0231	 -2.6009	  1.0000
  2.1136	  2.7352	 -0.0108	 -2.6176	  1.0000
  2.2379	  2.7352	 -0.0369	 -2.6214	  1.0000
  2.3622	  2.7352	 -0.0785	 -2.6225	  1.0000
  2.4865	  2.7352	 -0.1608	 -2.6336	  0.0000
  2.6109	  2.7352	 -0.1488	 -2.5565	  1.0000
  2.7352	  2.7352	 -0.1606	 -2.4960	  1.0000
  2.8595	  2.7352	 -0.1688	 -2.4494	  1.0000
  2.9838	  2.7352	 -0.3922	 -2.3822	  0.0000
  3.1082	  2.7352	 -0.1310	 -2.4494	  1.0000
  3.2325	  2.7352	 -0.1112	 -2.5053	  1.0000
  3.3568	  2.7352	 -0.1126	 -2.5557	  1.0000
  3.4811	  2.7352	 -0.1354	 -2.5920	  1.0000
  3.6055	  2.7352	 -0.1575	 -2.6011	  1.0000
  3.7298	  2.7352	 -0.4778	 -2.6035	  0.0000
  3.8541	  2.7352	 -0.3119	 -2.7006	  0.0000
  3.9785	  2.7352	 -0.1938	 -2.5892	  1.0000
  4.1028	  2.7352	 -0.1587	 -2.5854	  1.0000
  4.2271	  2.7352	 -0.0290	 -2.6067	  0.0000
  4.3514	  2.7352	  0.0029	 -2.5775	  0.0000
  4.4758	  2.7352	  0.0530	 -2.5362	  0.0000
  4.6001	  2.7352	  0.0787	 -2.5247	  0.0000
  4.7244	  2.7352	  0.0126	 -2.5971	  0.0000
  4.8487	  2.7352	 -0.0425	 -2.5198	  1.0000
  4.9731	  2.7352	 -0.0712	 -2.4304	  0.0000
  5.0974	  2.7352	 -0.0364	 -2.4801	  1.0000
  0.1243	  2.8595	  0.4684	 -2.7617	  1.0000
  0.2487	  2.8595	  0.4486	 -2.7568	  1.0000
  0.3730	  2.8595	  0.4283	 -2.7361	  1.0000
  0.4973	  2.8595	  0.4038	 -2.6947	  1.0000
  0.6216	  2.8595	  0.3846	 -2.6500	  1.0000
  0.7460	  2.8595	  0.3717	 -2.6041	  1.0000
  0.8703	  2.8595	  0.3932	 -2.5017	  0.0000
  0.9946	  2.8595	  0.3597	 -2.5363	  1.0000
  1.1189	  2.8595	  0.3371	 -2.5351	  1.0000
  1.2433	  2.8595	  0.3052	 -2.5318	  1.0000
  1.3676	  2.8595	  0.2691	 -2.5343	  1.0000
  1.4919	  2.8595	  0.4314	 -2.4746	  0.0000
  1.6162	  2.8595	  0.3315	 -2.4033	  0.0000
  1.7406	  2.8595	  0.0599	 -2.5439	  0.0000
  1.8649	  2.8595	  0.0020	 -2.6316	  0.0000
  1.9892	  2.8595	 -0.0549	 -2.6263	  0.0000
  2.1136	  2.8595	 -0.0036	 -2.6021	  1.0000
  2.2379	  2.8595	 -0.0427	 -2.5925	  1.0000
  2.3622	  2.8595	 -0.1655	 -2.7277	  0.0000
  2.4865	  2.8595	 -0.1272	 -2.5591	  1.0000
  2.6109	  2.8595	 -0.3524	 -2.5143	  0.0000
  2.7352	  2.8595	 -0.3133	 -2.4749	  0.0000
  2.8595	  2.8595	 -0.1819	 -2.4098	  0.0000
  2.9838	  2.8595	 -0.1799	 -2.3990	  0.0000
  3.1082	  2.8595	 -0.1572	 -2.4577	  1.0000
  3.2325	  2.8595	 -0.1453	 -2.5022	  1.0000
  3.3568	  2.8595	 -0.1362	 -2.5407	  1.0000
  3.4811	  2.8595	 -0.2137	 -2.6600	  0.0000
  3.6055	  2.8595	 -0.1758	 -2.5926	  1.0000
  3.7298	  2.8595	 -0.1911	 -2.6005	  1.0000
  3.8541	  2.8595	 -0.1402	 -2.4925	  0.0000
  3.9785	  2.8595	 -0.1613	 -2.5642	  0.0000
  4.1028	  2.8595	 -0.1479	 -2.5790	  1.0000
  4.2271	  2.8595	 -0.2168	 -2.6154	  0.0000
  4.3514	  2.8595	 -0.0859	 -2.4944	  0.0000
  4.4758	  2.8595	 -0.0447	 -2.5163	  0.0000
  4.6001	  2.8595	 -0.0802	 -2.5121	  0.0000
  4.7244	  2.8595	 -0.1092	 -2.5265	  0.0000
  4.8487	  2.8595	 -0.0217	 -2.5044	  0.0000
  4.9731	  2.8595	 -0.0042	 -2.4886	  0.0000
  5.0974	  2.8595	 -0.0667	 -2.5442	  0.0000
  0.1243	  2.9838	  0.5023	 -2.7862	  1.0000
  0.2487	  2.9838	  0.4842	 -2.7795	  1.0000
  0.3730	  2.9838	  0.3772	 -2.7467	  0.0000
  0.4973	  2.9838	  0.4480	 -2.7087	  1.0000
  0.6216	  2.9838	  0.4172	 -2.6606	  1.0000
  0.7460	  2.9838	  0.3765	 -2.6181	  1.0000
  0.8703	  2.9838	  0.3407	 -2.5759	  1.0000
  0.9946	  2.9838	  0.3051	 -2.5585	  1.0000
  1.1189	  2.9838	  0.2646	 -2.5486	  1.0000
  1.2433	  2.9838	  0.2295	 -2.5402	  1.0000
  1.3676	  2.9838	  0.2076	 -2.5333	  1.0000
  1.4919	  2.9838	  0.1786	 -2.5371	  1.0000
  1.6162	  2.9838	  0.2562	 -2.5982	  0.0000
  1.7406	  2.9838	  0.1994	 -2.6110	  0.0000
  1.8649	  2.9838	  0.0837	 -2.7945	  0.0000
  1.9892	  2.9838	  0.0485	 -2.5777	  1.0000
  2.1136	  2.9838	  0.0185	 -2.5777	  1.0000
  2.2379	  2.9838	 -0.0179	 -2.5617	  1.0000
  2.3622	  2.9838	 -0.0567	 -2.5481	  1.0000
  2.4865	  2.9838	 -0.0981	 -2.5304	  1.0000
  2.6109	  2.9838	 -0.1261	 -2.5124	  1.0000
  2.7352	  2.9838	 -0.2370	 -2.5506	  0.0000
  2.8595	  2.9838	 -0.1714	 -2.5389	  0.0000
  2.9838	  2.9838	 -0.1719	 -2.4639	  1.0000
  3.1082	  2.9838	 -0.1648	 -2.4708	  1.0000
  3.2325	  2.9838	 -0.1707	 -2.4887	  1.0000
  3.3568	  2.9838	 -0.1681	 -2.5243	  1.0000
  3.4811	  2.9838	 -0.1334	 -2.5721	  0.0000
  3.6055	  2.9838	 -0.1038	 -2.5985	  0.0000
  3.7298	  2.9838	 -0.1455	 -2.4941	  0.0000
  3.8541	  2.9838	 -0.2132	 -2.4858	  0.0000
  3.9785	  2.9838	 -0.1618	 -2.6061	  0.0000
  4.1028	  2.9838	 -0.1453	 -2.5967	  0.0000
  4.2271	  2.9838	 -0.0619	 -2.5135	  0.0000
  4.3514	  2.9838	 -0.0573	 -2.4791	  0.0000
  4.4758	  2.9838	 -0.1139	 -2.5104	  0.0000
  4.6001	  2.9838	 -0.1751	 -2.4433	  0.0000
  4.7244	  2.9838	 -0.1024	 -2.4159	  0.0000
  4.8487	  2.9838	 -0.0342	 -2.4348	  0.0000
  4.9731	  2.9838	  0.0047	 -2.4503	  0.0000
  5.0974	  2.9838	  0.0283	 -2.4741	  1.0000
  0.1243	  3.1082	  0.5153	 -2.7769	  1.0000
  0.2487	  3.1082	  0.5034	 -2.7775	  1.0000
  0.3730	  3.1082	  0.4951	 -2.7485	  1.0000
  0.4973	  3.1082	  0.4625	 -2.7176	  1.0000
  0.6216	  3.1082	  0.4317	 -2.6737	  1.0000
  0.7460	  3.1082	  0.3862	 -2.6397	  1.0000
  0.8703	  3.1082	  0.3249	 -2.6006	  1.0000
  0.9946	  3.1082	  0.2535	 -2.5850	  1.0000
  1.1189	  3.1082	  0.1871	 -2.5728	  1.0000
  1.2433	  3.1082	  0.0339	 -2.5069	  0.0000
  1.3676	  3.1082	 -0.0173	 -2.5150	  0.0000
  1.4919	  3.1082	  0.1086	 -2.5299	  1.0000
  1.6162	  3.1082	  0.1027	 -2.5286	  1.0000
  1.7406	  3.1082	  0.0993	 -2.5269	  1.0000
  1.8649	  3.1082	  0.0851	 -2.5299	  1.0000
  1.9892	  3.1082	  0.0616	 -2.5290	  1.0000
  2.1136	  3.1082	  0.0381	 -2.5263	  1.0000
  2.2379	  3.1082	  0.0133	 -2.5153	  1.0000
  2.3622	  3.1082	  0.0521	 -2.4654	  0.0000
  2.4865	  3.1082	 -0.0532	 -2.4918	  1.0000
  2.6109	  3.1082	 -0.0817	 -2.4883	  1.0000
  2.7352	  3.1082	 -0.1069	 -2.4774	  1.0000
  2.8595	  3.1082	 -0.1294	 -2.4730	  1.0000
  2.9838	  3.1082	 -0.1452	 -2.4745	  1.0000
  3.1082	  3.1082	 -0.0899	 -2.5206	  0.0000
  3.2325	  3.1082	 -0.1692	 -2.5132	  0.0000
  3.3568	  3.1082	 -0.1599	 -2.4181	  0.0000
  3.4811	  3.1082	 -0.2192	 -2.4618	  0.0000
  3.6055	  3.1082	 -0.2352	 -2.6367	  0.0000
  3.7298	  3.1082	 -0.1939	 -2.7439	  0.0000
  3.8541	  3.1082	 -0.1989	 -2.6449	  0.0000
  3.9785	  3.1082	 -0.1831	 -2.5987	  0.0000
  4.1028	  3.1082	 -0.1404	 -2.5607	  0.0000
  4.2271	  3.1082	 -0.1339	 -2.5370	  0.0000
  4.3514	  3.1082	 -0.1125	 -2.5441	  1.0000
  4.4758	  3.1082	 -0.0730	 -2.5129	  1.0000
  4.6001	  3.1082	  0.0086	 -2.3707	  0.0000
  4.7244	  3.1082	  0.0949	 -2.3440	  0.0000
  4.8487	  3.1082	  0.1080	 -2.3714	  0.0000
  4.9731	  3.1082	  0.0565	 -2.3374	  0.0000
  5.0974	  3.1082	 -0.0567	 -2.5279	  0.0000
  0.1243	  3.2325	  0.4974	 -2.7978	  1.0000
  0.2487	  3.2325	  0.4356	 -2.9092	  0.0000
  0.3730	  3.2325	  0.4812	 -2.7634	  1.0000
  0.4973	  3.2325	  0.4455	 -2.7410	  1.0000
  0.6216	  3.2325	  0.5178	 -2.5270	  0.0000
  0.7460	  3.2325	  0.3644	 -2.6798	  1.0000
  0.8703	  3.2325	  0.2971	 -2.6422	  1.0000
  0.9946	  3.2325	  0.2129	 -2.6252	  1.0000
  1.1189	  3.2325	  0.1388	 -2.6055	  1.0000
  1.2433	  3.2325	 -0.0559	 -2.6042	  0.0000
  1.3676	  3.2325	 -0.0515	 -2.5830	  0.0000
  1.4919	  3.2325	  0.0491	 -2.5311	  1.0000
  1.6162	  3.2325	  0.0547	 -2.4560	  0.0000
  1.7406	  3.2325	  0.0752	 -2.5097	  1.0000
  1.8649	  3.2325	  0.0929	 -2.4989	  1.0000
  1.9892	  3.2325	  0.0401	 -2.5015	  0.0000
  2.1136	  3.2325	  0.0950	 -2.4835	  1.0000
  2.2379	  3.2325	  0.0714	 -2.4728	  1.0000
  2.3622	  3.2325	  0.0457	 -2.4623	  1.0000
  2.4865	  3.2325	  0.0102	 -2.4597	  1.0000
  2.6109	  3.2325	 -0.0282	 -2.4647	  1.0000
  2.7352	  3.2325	 -0.0695	 -2.4661	  1.0000
  2.8595	  3.2325	 -0.0942	 -2.4746	  1.0000
  2.9838	  3.2325	 -0.1237	 -2.4829	  1.0000
  3.1082	  3.2325	 -0.1497	 -2.4848	  1.0000
  3.2325	  3.2325	 -0.2158	 -2.4002	  0.0000
  3.3568	  3.2325	 -0.1720	 -2.4520	  0.0000
  3.4811	  3.2325	 -0.1893	 -2.4583	  0.0000
  3.6055	  3.2325	 -0.2986	 -2.6777	  0.0000
  3.7298	  3.2325	 -0.2543	 -2.7586	  0.0000
  3.8541	  3.2325	 -0.3381	 -2.6713	  0.0000
  3.9785	  3.2325	 -0.1811	 -2.6286	  1.0000
  4.1028	  3.2325	 -0.1615	 -2.6129	  1.0000
  4.2271	  3.2325	 -0.3511	 -2.5989	  0.0000
  4.3514	  3.2325	 -0.1111	 -2.5744	  1.0000
  4.4758	  3.2325	 -0.0637	 -2.5446	  1.0000
  4.6001	  3.2325	 -0.0150	 -2.5255	  1.0000
  4.7244	  3.2325	  0.1768	 -2.4272	  0.0000
  4.8487	  3.2325	  0.0952	 -2.5175	  1.0000
  4.9731	  3.2325	  0.3061	 -2.5117	  0.0000
  5.0974	  3.2325	  0.1512	 -2.5339	  1.0000
  0.1243	  3.3568	  0.7869	 -2.6283	  0.0000
  0.2487	  3.3568	  0.4848	 -2.7947	  1.0000
  0.3730	  3.3568	  0.4770	 -2.7726	  1.0000
  0.4973	  3.3568	  0.4351	 -2.7705	  1.0000
  0.6216	  3.3568	  0.3897	 -2.7376	  1.0000
  0.7460	  3.3568	  0.3270	 -2.7240	  1.0000
  0.8703	  3.3568	  0.2574	 -2.6843	  1.0000
  0.9946	  3.3568	  0.3047	 -2.6565	  0.0000
  1.1189	  3.3568	  0.1153	 -2.6549	  0.0000
  1.2433	  3.3568	 -0.0460	 -2.6080	  0.0000
  1.3676	  3.3568	 -0.1033	 -2.6025	  0.0000
  1.4919	  3.3568	 -0.0057	 -2.5029	  0.0000
  1.6162	  3.3568	 -0.0249	 -2.4856	  0.0000
  1.7406	  3.3568	  0.0565	 -2.4781	  1.0000
  1.8649	  3.3568	  0.0953	 -2.2787	  0.0000
  1.9892	  3.3568	  0.1187	 -2.4455	  1.0000
  2.1136	  3.3568	  0.1352	 -2.4404	  1.0000
  2.2379	  3.3568	  0.1083	 -2.3272	  0.0000
  2.3622	  3.3568	  0.0061	 -2.4254	  0.0000
  2.4865	  3.3568	  0.0641	 -2.4406	  1.0000
  2.6109	  3.3568	  0.1165	 -2.3857	  0.0000
  2.7352	  3.3568	  0.1758	 -2.4569	  0.0000
  2.8595	  3.3568	 -0.0793	 -2.4803	  1.0000
  2.9838	  3.3568	 -0.1153	 -2.4974	  1.0000
  3.1082	  3.3568	 -0.1432	 -2.5042	  1.0000
  3.2325	  3.3568	 -0.1583	 -2.5083	  1.0000
  3.3568	  3.3568	 -0.1782	 -2.5439	  1.0000
  3.4811	  3.3568	 -0.1738	 -2.5524	  0.0000
  3.6055	  3.3568	 -0.1930	 -2.6035	  1.0000
  3.7298	  3.3568	 -0.1941	 -2.6390	  1.0000
  3.8541	  3.3568	 -0.1480	 -2.6312	  0.0000
  3.9785	  3.3568	 -0.1464	 -2.7087	  0.0000
  4.1028	  3.3568	 -0.2108	 -2.7413	  0.0000
  4.2271	  3.3568	 -0.1332	 -2.6420	  1.0000
  4.3514	  3.3568	 -0.1067	 -2.6134	  1.0000
  4.4758	  3.3568	 -0.0756	 -2.5234	  0.0000
  4.6001	  3.3568	 -0.0126	 -2.4893	  0.0000
  4.7244	  3.3568	  0.1279	 -2.5865	  0.0000
  4.8487	  3.3568	  0.1128	 -2.5610	  1.0000
  4.9731	  3.3568	  0.3791	 -2.6134	  0.0000
  5.0974	  3.3568	  0.3852	 -2.6296	  0.0000
  0.1243	  3.4811	  0.4954	 -2.7967	  1.0000
  0.2487	  3.4811	  0.4251	 -2.9672	  0.0000
  0.3730	  3.4811	  0.3820	 -2.8875	  0.0000
  0.4973	  3.4811	  0.4269	 -2.7958	  1.0000
  0.6216	  3.4811	  0.3801	 -2.7635	  1.0000
  0.7460	  3.4811	  0.3220	 -2.7522	  1.0000
  0.8703	  3.4811	  0.2540	 -2.7099	  1.0000
  0.9946	  3.4811	  0.2075	 -3.0204	  0.0000
  1.1189	  3.4811	  0.0996	 -2.6083	  0.0000
  1.2433	  3.4811	  0.0221	 -2.5141	  0.0000
  1.3676	  3.4811	  0.0160	 -2.5669	  1.0000
  1.4919	  3.4811	 -0.0064	 -2.6266	  0.0000
  1.6162	  3.4811	 -0.0319	 -2.4618	  0.0000
  1.7406	  3.4811	 -0.0095	 -2.3356	  0.0000
  1.8649	  3.4811	  0.0894	 -2.4320	  1.0000
  1.9892	  3.4811	  0.1338	 -2.4243	  1.0000
  2.1136	  3.4811	  0.3538	 -2.4300	  0.0000
  2.2379	  3.4811	  0.3145	 -2.4584	  0.0000
  2.3622	  3.4811	  0.2549	 -2.4252	  0.0000
  2.4865	  3.4811	 -0.0614	 -2.3578	  0.0000
  2.6109	  3.4811	 -0.0026	 -2.3481	  0.0000
  2.7352	  3.4811	  0.0386	 -2.4891	  0.0000
  2.8595	  3.4811	 -0.0676	 -2.4789	  1.0000
  2.9838	  3.4811	 -0.1637	 -2.4048	  0.0000
  3.1082	  3.4811	 -0.1435	 -2.5104	  1.0000
  3.2325	  3.4811	 -0.1583	 -2.5160	  1.0000
  3.3568	  3.4811	 -0.1561	 -2.5000	  0.0000
  3.4811	  3.4811	 -0.1534	 -2.5353	  0.0000
  3.6055	  3.4811	 -0.2549	 -2.6698	  0.0000
  3.7298	  3.4811	 -0.2229	 -2.6144	  0.0000
  3.8541	  3.4811	 -0.1289	 -2.5670	  0.0000
  3.9785	  3.4811	 -0.1791	 -2.6801	  1.0000
  4.1028	  3.4811	 -0.1589	 -2.6722	  1.0000
  4.2271	  3.4811	 -0.0916	 -2.7285	  0.0000
  4.3514	  3.4811	 -0.1108	 -2.6420	  1.0000
  4.4758	  3.4811	 -0.0865	 -2.7249	  0.0000
  4.6001	  3.4811	 -0.0515	 -2.6640	  0.0000
  4.7244	  3.4811	  0.0456	 -2.6784	  0.0000
  4.8487	  3.4811	  0.1440	 -2.6874	  0.0000
  4.9731	  3.4811	  0.1721	 -2.6072	  1.0000
  5.0974	  3.4811	  0.3818	 -2.7553	  0.0000
  0.1243	  3.6055	  0.4417	 -2.6344	  0.0000
  0.2487	  3.6055	  0.4853	 -2.8016	  1.0000
  0.3730	  3.6055	  0.4737	 -2.7947	  1.0000
  0.4973	  3.6055	  0.4217	 -2.8107	  1.0000
  0.6216	  3.6055	  0.3718	 -2.7820	  1.0000
  0.7460	  3.6055	  0.3212	 -2.7757	  1.0000
  0.8703	  3.6055	  0.2559	 -2.7315	  1.0000
  0.9946	  3.6055	  0.1768	 -2.6869	  1.0000
  1.1189	  3.6055	  0.1089	 -2.6489	  1.0000
  1.2433	  3.6055	  0.1188	 -2.5117	  0.0000
  1.3676	  3.6055	  0.0208	 -2.5691	  1.0000
  1.4919	  3.6055	  0.0588	 -2.6912	  0.0000
  1.6162	  3.6055	  0.0096	 -2.4867	  1.0000
  1.7406	  3.6055	  0.0039	 -2.4016	  0.0000
  1.8649	  3.6055	  0.0924	 -2.4145	  1.0000
  1.9892	  3.6055	  0.1464	 -2.4063	  1.0000
  2.1136	  3.6055	  0.1735	 -2.4095	  1.0000
  2.2379	  3.6055	  0.3276	 -2.5259	  0.0000
  2.3622	  3.6055	  0.1460	 -2.4163	  1.0000
  2.4865	  3.6055	  0.1041	 -2.4304	  1.0000
  2.6109	  3.6055	  0.0338	 -2.4500	  1.0000
  2.7352	  3.6055	 -0.1079	 -2.5318	  0.0000
  2.8595	  3.6055	 -0.1905	 -2.6421	  0.0000
  2.9838	  3.6055	 -0.1927	 -2.5298	  0.0000
  3.1082	  3.6055	 -0.1694	 -2.5285	  0.0000
  3.2325	  3.6055	 -0.1406	 -2.6107	  0.0000
  3.3568	  3.6055	 -0.1017	 -2.6342	  0.0000
  3.4811	  3.6055	 -0.1259	 -2.6335	  0.0000
  3.6055	  3.6055	 -0.2419	 -2.7052	  0.0000
  3.7298	  3.6055	 -0.1694	 -2.6618	  0.0000
  3.8541	  3.6055	 -0.1176	 -2.6645	  0.0000
  3.9785	  3.6055	 -0.1027	 -2.8261	  0.0000
  4.1028	  3.6055	 -0.1237	 -2.7933	  0.0000
  4.2271	  3.6055	 -0.1213	 -2.6937	  1.0000
  4.3514	  3.6055	 -0.1020	 -2.6688	  1.0000
  4.4758	  3.6055	 -0.0534	 -2.6467	  1.0000
  4.6001	  3.6055	 -0.0806	 -2.6972	  0.0000
  4.7244	  3.6055	  0.0559	 -2.6264	  1.0000
  4.8487	  3.6055	  0.0556	 -2.6433	  0.0000
  4.9731	  3.6055	  0.0646	 -2.6367	  0.0000
  5.0974	  3.6055	  0.0689	 -2.6849	  0.0000
