 12.0000	 12.0000	 -9.0821	-254.5828	  1.0000
 24.0000	 12.0000	-11.5151	-257.8299	  1.0000
 36.0000	 12.0000	-14.0670	-271.0954	  1.0000
 48.0000	 12.0000	-31.0117	-293.9941	  1.0000
 60.0000	 12.0000	-39.3004	-299.1867	  1.0000
 72.0000	 12.0000	-24.7601	-305.0991	  1.0000
 84.0000	 12.0000	-14.6724	-305.2390	  1.0000
 96.0000	 12.0000	 -8.8905	-304.2793	  1.0000
108.0000	 12.0000	-16.7710	-301.6012	  1.0000
120.0000	 12.0000	-20.2226	-296.2404	  1.0000
132.0000	 12.0000	 -8.2964	-288.4029	  1.0000
144.0000	 12.0000	 -5.7562	-287.7365	  1.0000
156.0000	 12.0000	 12.9976	-290.3489	  1.0000
168.0000	 12.0000	 31.2091	-305.5700	  1.0000
180.0000	 12.0000	 48.0518	-299.7979	  1.0000
192.0000	 12.0000	 55.2092	-289.1228	  1.0000
204.0000	 12.0000	 45.4180	-295.4382	  1.0000
216.0000	 12.0000	 46.2652	-296.2474	  1.0000
228.0000	 12.0000	 52.4395	-294.0113	  1.0000
240.0000	 12.0000	 48.1021	-283.4452	  1.0000
252.0000	 12.0000	 19.5462	-242.3376	  1.0000
264.0000	 12.0000	  9.8374	-238.1557	  1.0000
276.0000	 12.0000	 -0.6252	-277.2357	  1.0000
288.0000	 12.0000	  0.2062	-318.9889	  1.0000
300.0000	 12.0000	  2.8141	-316.5986	  1.0000
312.0000	 12.0000	  9.9047	-303.2815	  1.0000
324.0000	 12.0000	 14.5378	-304.5589	  1.0000
336.0000	 12.0000	  0.3014	-300.4496	  1.0000
348.0000	 12.0000	 -8.5747	-292.4548	  1.0000
360.0000	 12.0000	 -8.3733	-278.2232	  1.0000
372.0000	 12.0000	 -6.4286	-276.0306	  1.0000
384.0000	 12.0000	  4.5164	-289.9312	  1.0000
396.0000	 12.0000	 -4.7274	-294.1207	  1.0000
408.0000	 12.0000	-31.1785	-281.4007	  1.0000
420.0000	 12.0000	-15.8896	-254.4016	  1.0000
432.0000	 12.0000	 -7.1507	-251.7712	  1.0000
444.0000	 12.0000	 -3.9777	-265.4747	  1.0000
456.0000	 12.0000	 -7.2922	-286.6765	  1.0000
468.0000	 12.0000	-25.3458	-286.8322	  1.0000
480.0000	 12.0000	-36.2272	-276.3429	  1.0000
492.0000	 12.0000	-70.3930	-253.8695	  1.0000
 12.0000	 24.0000	  3.2372	-251.3355	  1.0000
 24.0000	 24.0000	  0.5234	-261.3720	  1.0000
 36.0000	 24.0000	-23.3611	-284.2212	  1.0000
 48.0000	 24.0000	-26.5642	-295.5009	  1.0000
 60.0000	 24.0000	-13.4386	-304.5073	  1.0000
 72.0000	 24.0000	-14.7406	-305.2262	  1.0000
 84.0000	 24.0000	 -9.4234	-305.3826	  1.0000
 96.0000	 24.0000	 -5.6061	-303.8483	  1.0000
108.0000	 24.0000	-11.8727	-307.5274	  1.0000
120.0000	 24.0000	-16.3536	-308.5753	  1.0000
132.0000	 24.0000	-14.2086	-282.5316	  1.0000
144.0000	 24.0000	  3.0865	-275.7919	  1.0000
156.0000	 24.0000	 22.3405	-274.8413	  1.0000
168.0000	 24.0000	 13.8631	-293.5784	  1.0000
180.0000	 24.0000	 17.0425	-290.9762	  1.0000
192.0000	 24.0000	 30.1517	-279.4988	  1.0000
204.0000	 24.0000	 29.9122	-292.1219	  1.0000
216.0000	 24.0000	 33.2214	-294.9687	  1.0000
228.0000	 24.0000	 45.7554	-302.3500	  1.0000
240.0000	 24.0000	  9.4882	-255.6263	  1.0000
252.0000	 24.0000	 -6.2845	-243.3546	  1.0000
264.0000	 24.0000	-20.1977	-238.1853	  1.0000
276.0000	 24.0000	-18.2452	-254.3687	  1.0000
288.0000	 24.0000	-10.5027	-294.2864	  1.0000
300.0000	 24.0000	-14.7236	-293.9637	  1.0000
312.0000	 24.0000	 -9.6478	-283.4128	  1.0000
324.0000	 24.0000	 -0.1563	-299.3562	  1.0000
336.0000	 24.0000	-16.0813	-299.8676	  1.0000
348.0000	 24.0000	-17.0435	-292.3259	  1.0000
360.0000	 24.0000	-18.5695	-280.6140	  1.0000
372.0000	 24.0000	-21.0062	-280.7250	  1.0000
384.0000	 24.0000	 -9.1315	-288.3526	  1.0000
396.0000	 24.0000	 -4.2604	-300.6925	  1.0000
408.0000	 24.0000	 -9.4394	-284.7184	  1.0000
420.0000	 24.0000	-14.9472	-246.5949	  1.0000
432.0000	 24.0000	-12.8504	-247.4213	  1.0000
444.0000	 24.0000	  3.9140	-301.0920	  1.0000
456.0000	 24.0000	 16.3551	-301.5992	  1.0000
468.0000	 24.0000	 15.5536	-297.3036	  1.0000
480.0000	 24.0000	-64.6902	-273.9019	  1.0000
492.0000	 24.0000	-80.8526	-245.2779	  1.0000
 12.0000	 36.0000	 -2.4301	-261.4653	  1.0000
 24.0000	 36.0000	 -1.1510	-266.0772	  1.0000
 36.0000	 36.0000	-23.2531	-276.6739	  1.0000
 48.0000	 36.0000	-11.1835	-290.2035	  1.0000
 60.0000	 36.0000	 -5.7688	-303.5326	  1.0000
 72.0000	 36.0000	-13.0183	-306.0973	  1.0000
 84.0000	 36.0000	 -3.7685	-299.7006	  1.0000
 96.0000	 36.0000	 -3.0903	-296.4251	  1.0000
108.0000	 36.0000	 -0.3594	-299.5993	  1.0000
120.0000	 36.0000	 14.0365	-302.7674	  1.0000
132.0000	 36.0000	 29.3845	-294.0986	  1.0000
144.0000	 36.0000	 22.8916	-290.5511	  1.0000
156.0000	 36.0000	 14.1811	-281.5370	  1.0000
168.0000	 36.0000	 18.7271	-291.0479	  1.0000
180.0000	 36.0000	 17.6296	-297.5940	  1.0000
192.0000	 36.0000	  4.8508	-302.3768	  1.0000
204.0000	 36.0000	  1.2982	-298.0982	  1.0000
216.0000	 36.0000	 -7.1072	-284.5316	  1.0000
228.0000	 36.0000	 14.0249	-312.3947	  1.0000
240.0000	 36.0000	  1.5226	-262.6505	  1.0000
252.0000	 36.0000	-18.7752	-237.1338	  1.0000
264.0000	 36.0000	-26.5938	-233.7277	  1.0000
276.0000	 36.0000	-21.4217	-249.5475	  1.0000
288.0000	 36.0000	 -2.0690	-281.4468	  1.0000
300.0000	 36.0000	 -9.4663	-283.6123	  1.0000
312.0000	 36.0000	-11.4991	-276.4462	  1.0000
324.0000	 36.0000	 10.7153	-278.3300	  1.0000
336.0000	 36.0000	 23.2393	-290.3138	  1.0000
348.0000	 36.0000	 16.2174	-302.9016	  1.0000
360.0000	 36.0000	 -7.2290	-294.8717	  1.0000
372.0000	 36.0000	-20.4196	-283.9332	  1.0000
384.0000	 36.0000	-22.2627	-267.2879	  1.0000
396.0000	 36.0000	-16.5849	-287.3791	  1.0000
408.0000	 36.0000	-10.2441	-279.7287	  1.0000
420.0000	 36.0000	-16.8630	-253.1113	  1.0000
432.0000	 36.0000	-19.8127	-258.5527	  1.0000
444.0000	 36.0000	 -2.8432	-275.6812	  1.0000
456.0000	 36.0000	 12.4631	-297.8848	  1.0000
468.0000	 36.0000	  6.1021	-307.0372	  1.0000
480.0000	 36.0000	-53.8091	-306.1292	  1.0000
492.0000	 36.0000	-61.3564	-296.6747	  1.0000
 12.0000	 48.0000	-10.8537	-260.7579	  1.0000
 24.0000	 48.0000	-24.6938	-270.7797	  1.0000
 36.0000	 48.0000	 -9.7579	-273.0606	  1.0000
 48.0000	 48.0000	 -6.5195	-295.4625	  1.0000
 60.0000	 48.0000	 -4.9834	-310.0962	  1.0000
 72.0000	 48.0000	 -2.9407	-314.1235	  1.0000
 84.0000	 48.0000	  5.9098	-307.9312	  1.0000
 96.0000	 48.0000	  1.7223	-303.2159	  1.0000
108.0000	 48.0000	  3.0139	-300.8994	  1.0000
120.0000	 48.0000	 25.6127	-291.2377	  1.0000
132.0000	 48.0000	 25.4599	-291.0895	  1.0000
144.0000	 48.0000	 17.7357	-291.4596	  1.0000
156.0000	 48.0000	 14.6412	-281.2823	  1.0000
168.0000	 48.0000	 24.6281	-278.1117	  1.0000
180.0000	 48.0000	 30.8275	-298.8935	  1.0000
192.0000	 48.0000	 37.5323	-311.9269	  1.0000
204.0000	 48.0000	 33.6138	-310.8430	  1.0000
216.0000	 48.0000	113.0979	399.3080	  1.0000
228.0000	 48.0000	-22.1297	-302.7873	  1.0000
240.0000	 48.0000	-21.6103	-259.9035	  1.0000
252.0000	 48.0000	-23.3670	-243.9645	  1.0000
264.0000	 48.0000	-31.5835	-238.3335	  1.0000
276.0000	 48.0000	-38.9314	-247.5388	  1.0000
288.0000	 48.0000	-19.9689	-259.6939	  1.0000
300.0000	 48.0000	 -7.3722	-263.0974	  1.0000
312.0000	 48.0000	 -0.6482	-265.3182	  1.0000
324.0000	 48.0000	 -4.3424	-274.0972	  1.0000
336.0000	 48.0000	  0.4596	-284.9084	  1.0000
348.0000	 48.0000	  7.6131	-307.3244	  1.0000
360.0000	 48.0000	  1.3757	-300.8387	  1.0000
372.0000	 48.0000	-11.6265	-290.1350	  1.0000
384.0000	 48.0000	-11.9793	-281.0077	  1.0000
396.0000	 48.0000	-17.4267	-281.9792	  1.0000
408.0000	 48.0000	-11.9411	-272.1728	  1.0000
420.0000	 48.0000	-13.1213	-261.0013	  1.0000
432.0000	 48.0000	-14.1758	-260.1637	  1.0000
444.0000	 48.0000	-10.6685	-264.0015	  1.0000
456.0000	 48.0000	 -0.8601	-274.7035	  1.0000
468.0000	 48.0000	 -7.6094	-340.7973	  1.0000
480.0000	 48.0000	-17.3112	-330.8439	  1.0000
492.0000	 48.0000	-25.2618	-311.1623	  1.0000
 12.0000	 60.0000	-41.4610	-250.4955	  1.0000
 24.0000	 60.0000	-43.0547	-263.1756	  1.0000
 36.0000	 60.0000	-29.1346	-260.4322	  1.0000
 48.0000	 60.0000	578.4176	814.8450	  1.0000
 60.0000	 60.0000	-40.6725	-297.2712	  1.0000
 72.0000	 60.0000	 -6.5146	-310.2317	  1.0000
 84.0000	 60.0000	  5.1620	-313.6830	  1.0000
 96.0000	 60.0000	 -1.1405	-312.9929	  1.0000
108.0000	 60.0000	  8.6167	-301.6061	  1.0000
120.0000	 60.0000	 10.6455	-297.0951	  1.0000
132.0000	 60.0000	 17.0552	-296.0779	  1.0000
144.0000	 60.0000	 14.4749	-292.1425	  1.0000
156.0000	 60.0000	  9.2087	-286.3212	  1.0000
168.0000	 60.0000	 23.2761	-237.7822	  1.0000
180.0000	 60.0000	445.9683	550.1844	  1.0000
192.0000	 60.0000	 37.3173	-310.7007	  1.0000
204.0000	 60.0000	  7.2716	-294.3555	  1.0000
216.0000	 60.0000	-27.9865	-292.6107	  1.0000
228.0000	 60.0000	-21.7446	-278.3051	  1.0000
240.0000	 60.0000	-13.2561	-253.2152	  1.0000
252.0000	 60.0000	-20.9642	-247.8835	  1.0000
264.0000	 60.0000	-37.9500	-237.5296	  1.0000
276.0000	 60.0000	-43.5749	-243.3385	  1.0000
288.0000	 60.0000	-33.0777	-257.2688	  1.0000
300.0000	 60.0000	-27.7180	-253.6586	  1.0000
312.0000	 60.0000	-12.5931	-265.7362	  1.0000
324.0000	 60.0000	-15.7823	-261.0347	  1.0000
336.0000	 60.0000	 -8.2846	-263.7158	  1.0000
348.0000	 60.0000	  4.7852	-298.8750	  1.0000
360.0000	 60.0000	  7.6904	-294.3952	  1.0000
372.0000	 60.0000	  1.6833	-289.4964	  1.0000
384.0000	 60.0000	 -5.5438	-289.1627	  1.0000
396.0000	 60.0000	-16.8775	-279.1000	  1.0000
408.0000	 60.0000	-19.9267	-265.8335	  1.0000
420.0000	 60.0000	-23.3905	-257.6101	  1.0000
432.0000	 60.0000	-26.6408	-249.2215	  1.0000
444.0000	 60.0000	-24.6350	-255.6255	  1.0000
456.0000	 60.0000	-658.3420	143.0089	  1.0000
468.0000	 60.0000	-16.9234	-339.5956	  1.0000
480.0000	 60.0000	-18.6278	-332.9939	  1.0000
492.0000	 60.0000	-14.3022	-258.8318	  1.0000
 12.0000	 72.0000	 -8.0415	-259.5953	  1.0000
 24.0000	 72.0000	-12.1988	-254.1584	  1.0000
 36.0000	 72.0000	-35.2503	-286.1906	  1.0000
 48.0000	 72.0000	-47.2387	-293.3700	  1.0000
 60.0000	 72.0000	-47.6021	-303.5257	  1.0000
 72.0000	 72.0000	-30.4303	-313.6080	  1.0000
 84.0000	 72.0000	-13.7790	-307.4094	  1.0000
 96.0000	 72.0000	 -2.7468	-302.2843	  1.0000
108.0000	 72.0000	  4.1059	-299.1901	  1.0000
120.0000	 72.0000	  8.0831	-289.3995	  1.0000
132.0000	 72.0000	 18.4254	-273.1573	  1.0000
144.0000	 72.0000	 40.7317	-272.1603	  1.0000
156.0000	 72.0000	 55.9162	-254.9688	  1.0000
168.0000	 72.0000	 36.6606	-245.5665	  1.0000
180.0000	 72.0000	 21.5966	-247.1254	  1.0000
192.0000	 72.0000	  3.6051	-297.7794	  1.0000
204.0000	 72.0000	-34.6217	-290.5067	  1.0000
216.0000	 72.0000	-39.0308	-285.3642	  1.0000
228.0000	 72.0000	 -8.3218	-263.0691	  1.0000
240.0000	 72.0000	 -8.6070	-259.1957	  1.0000
252.0000	 72.0000	-33.7963	-244.7962	  1.0000
264.0000	 72.0000	-37.1001	-234.4011	  1.0000
276.0000	 72.0000	-31.3378	-245.1490	  1.0000
288.0000	 72.0000	-23.6772	-260.6177	  1.0000
300.0000	 72.0000	-23.7013	-269.8673	  1.0000
312.0000	 72.0000	-12.9432	-271.7975	  1.0000
324.0000	 72.0000	 -8.7610	-269.2316	  1.0000
336.0000	 72.0000	-17.4756	-268.5717	  1.0000
348.0000	 72.0000	-18.5854	-275.7963	  1.0000
360.0000	 72.0000	 -5.9142	-286.4563	  1.0000
372.0000	 72.0000	 -2.7517	-296.2586	  1.0000
384.0000	 72.0000	-11.9625	-303.5756	  1.0000
396.0000	 72.0000	-19.4076	-298.7046	  1.0000
408.0000	 72.0000	-29.4601	-281.4733	  1.0000
420.0000	 72.0000	-15.0465	-247.6835	  1.0000
432.0000	 72.0000	-15.5166	-254.5797	  1.0000
444.0000	 72.0000	-21.9737	-267.5895	  1.0000
456.0000	 72.0000	-40.6910	-289.7356	  1.0000
468.0000	 72.0000	-24.1409	-349.6681	  1.0000
480.0000	 72.0000	 -2.3583	-335.1382	  1.0000
492.0000	 72.0000	 -2.0201	-203.8253	  1.0000
 12.0000	 84.0000	  7.6372	-257.2827	  1.0000
 24.0000	 84.0000	  3.9772	-257.9563	  1.0000
 36.0000	 84.0000	 -0.0368	-263.8050	  1.0000
 48.0000	 84.0000	-10.2965	-285.7670	  1.0000
 60.0000	 84.0000	-17.3963	-295.8553	  1.0000
 72.0000	 84.0000	-31.3068	-293.4497	  1.0000
 84.0000	 84.0000	  1.7153	-261.0900	  1.0000
 96.0000	 84.0000	  8.2707	-264.1319	  1.0000
108.0000	 84.0000	 11.5303	-265.6790	  1.0000
120.0000	 84.0000	 19.8320	-260.6707	  1.0000
132.0000	 84.0000	 29.8406	-264.0984	  1.0000
144.0000	 84.0000	 41.8264	-253.4966	  1.0000
156.0000	 84.0000	 50.3496	-246.7555	  1.0000
168.0000	 84.0000	 45.2052	-252.9807	  1.0000
180.0000	 84.0000	 13.7153	-293.2365	  1.0000
192.0000	 84.0000	-10.3856	-329.1870	  1.0000
204.0000	 84.0000	 -9.9379	-330.9818	  1.0000
216.0000	 84.0000	-22.5938	-280.7247	  1.0000
228.0000	 84.0000	 -6.9696	-274.8773	  1.0000
240.0000	 84.0000	 -2.8771	-274.0051	  1.0000
252.0000	 84.0000	 -0.9530	-265.2474	  1.0000
264.0000	 84.0000	 -0.3684	-241.1150	  1.0000
276.0000	 84.0000	  0.0365	-252.5870	  1.0000
288.0000	 84.0000	-11.4075	-246.8955	  1.0000
300.0000	 84.0000	-25.4408	-251.2794	  1.0000
312.0000	 84.0000	-16.7647	-269.4149	  1.0000
324.0000	 84.0000	-22.9391	-279.6247	  1.0000
336.0000	 84.0000	-27.8383	-284.5199	  1.0000
348.0000	 84.0000	-21.0784	-282.3538	  1.0000
360.0000	 84.0000	-17.6114	-287.5520	  1.0000
372.0000	 84.0000	-16.4004	-296.7177	  1.0000
384.0000	 84.0000	-17.1771	-309.0807	  1.0000
396.0000	 84.0000	-20.8786	-306.3973	  1.0000
408.0000	 84.0000	  2.9866	-257.6108	  1.0000
420.0000	 84.0000	 14.7095	-252.3311	  1.0000
432.0000	 84.0000	  3.1181	-255.3745	  1.0000
444.0000	 84.0000	-18.3655	-273.5008	  1.0000
456.0000	 84.0000	-34.6762	-297.1416	  1.0000
468.0000	 84.0000	-29.1364	-311.0430	  1.0000
480.0000	 84.0000	-11.9011	-299.1634	  1.0000
492.0000	 84.0000	 -4.1654	-224.8709	  1.0000
 12.0000	 96.0000	  7.3095	-249.5979	  1.0000
 24.0000	 96.0000	 12.0011	-262.1732	  1.0000
 36.0000	 96.0000	  0.1373	-282.7119	  1.0000
 48.0000	 96.0000	 13.0221	-243.8752	  1.0000
 60.0000	 96.0000	  1.8133	-268.8072	  1.0000
 72.0000	 96.0000	 -6.4198	-273.2443	  1.0000
 84.0000	 96.0000	  7.4905	-255.5103	  1.0000
 96.0000	 96.0000	 14.6581	-254.6354	  1.0000
108.0000	 96.0000	 22.6807	-256.7454	  1.0000
120.0000	 96.0000	 32.0339	-259.6864	  1.0000
132.0000	 96.0000	 34.8589	-252.6163	  1.0000
144.0000	 96.0000	 18.4029	-244.3667	  1.0000
156.0000	 96.0000	 32.2017	-249.1476	  1.0000
168.0000	 96.0000	 31.4158	-251.9769	  1.0000
180.0000	 96.0000	  8.0977	-288.6403	  1.0000
192.0000	 96.0000	  2.7900	-311.6746	  1.0000
204.0000	 96.0000	  5.5513	-298.9858	  1.0000
216.0000	 96.0000	  8.1816	-279.1095	  1.0000
228.0000	 96.0000	  5.5975	-279.2127	  1.0000
240.0000	 96.0000	 -2.5491	-280.2620	  1.0000
252.0000	 96.0000	-18.5709	-259.5060	  1.0000
264.0000	 96.0000	-20.7860	-249.9289	  1.0000
276.0000	 96.0000	-14.0513	-248.0356	  1.0000
288.0000	 96.0000	-19.5819	-241.2941	  1.0000
300.0000	 96.0000	-24.9919	-238.8510	  1.0000
312.0000	 96.0000	-33.2354	-278.6070	  1.0000
324.0000	 96.0000	-39.6490	-277.2910	  1.0000
336.0000	 96.0000	-38.8335	-271.8682	  1.0000
348.0000	 96.0000	-18.5711	-283.8299	  1.0000
360.0000	 96.0000	-53.3127	-284.4935	  1.0000
372.0000	 96.0000	-37.8926	-290.0553	  1.0000
384.0000	 96.0000	-25.7563	-289.7863	  1.0000
396.0000	 96.0000	 -3.8547	-276.3580	  1.0000
408.0000	 96.0000	 17.7297	-255.7036	  1.0000
420.0000	 96.0000	 13.5842	-262.7372	  1.0000
432.0000	 96.0000	  1.3101	-267.1109	  1.0000
444.0000	 96.0000	-13.4685	-283.4973	  1.0000
456.0000	 96.0000	-13.7110	-302.2699	  1.0000
468.0000	 96.0000	 -0.6062	-288.8117	  1.0000
480.0000	 96.0000	 -2.5375	-273.3374	  1.0000
492.0000	 96.0000	 -1.6596	-229.2438	  1.0000
 12.0000	108.0000	  8.4197	-243.8203	  1.0000
 24.0000	108.0000	  8.8829	-267.8727	  1.0000
 36.0000	108.0000	 -1.3745	-281.3217	  1.0000
 48.0000	108.0000	  6.3605	-257.4219	  1.0000
 60.0000	108.0000	 11.9737	-256.4203	  1.0000
 72.0000	108.0000	 26.2782	-264.9683	  1.0000
 84.0000	108.0000	 25.5749	-253.2011	  1.0000
 96.0000	108.0000	 39.0101	-248.2827	  1.0000
108.0000	108.0000	 47.3812	-252.2909	  1.0000
120.0000	108.0000	 38.6250	-259.4966	  1.0000
132.0000	108.0000	 35.4748	-257.8700	  1.0000
144.0000	108.0000	 11.0585	-246.4621	  1.0000
156.0000	108.0000	 17.2251	-246.6607	  1.0000
168.0000	108.0000	 15.7230	-281.4622	  1.0000
180.0000	108.0000	  5.9453	-310.9840	  1.0000
192.0000	108.0000	 -7.0217	-319.2054	  1.0000
204.0000	108.0000	 -3.6581	-298.4833	  1.0000
216.0000	108.0000	 -1.1986	-280.0913	  1.0000
228.0000	108.0000	 -1.4614	-283.6424	  1.0000
240.0000	108.0000	 -5.9857	-284.0706	  1.0000
252.0000	108.0000	-26.9591	-258.5814	  1.0000
264.0000	108.0000	-23.3307	-244.0465	  1.0000
276.0000	108.0000	-21.2959	-245.3220	  1.0000
288.0000	108.0000	-29.2380	-252.3560	  1.0000
300.0000	108.0000	-22.2782	-235.3177	  1.0000
312.0000	108.0000	-21.6994	-245.5814	  1.0000
324.0000	108.0000	-34.8579	-265.0451	  1.0000
336.0000	108.0000	-40.3170	-267.2348	  1.0000
348.0000	108.0000	-46.8815	-288.0316	  1.0000
360.0000	108.0000	-48.6674	-288.3119	  1.0000
372.0000	108.0000	-36.0229	-286.5774	  1.0000
384.0000	108.0000	-21.8814	-267.3716	  1.0000
396.0000	108.0000	  9.4195	-246.5104	  1.0000
408.0000	108.0000	  4.6258	-253.2067	  1.0000
420.0000	108.0000	 -8.2083	-265.9912	  1.0000
432.0000	108.0000	-11.7146	-271.7593	  1.0000
444.0000	108.0000	-26.2451	-278.5862	  1.0000
456.0000	108.0000	-20.9770	-285.5184	  1.0000
468.0000	108.0000	-11.7671	-274.4840	  1.0000
480.0000	108.0000	-12.6108	-272.2059	  1.0000
492.0000	108.0000	 -9.4825	-225.1840	  1.0000
 12.0000	120.0000	 -9.2246	-229.4792	  1.0000
 24.0000	120.0000	 -6.8486	-269.3015	  1.0000
 36.0000	120.0000	 -1.5576	-282.5983	  1.0000
 48.0000	120.0000	 -6.0871	-291.6040	  1.0000
 60.0000	120.0000	 -5.4744	-290.2978	  1.0000
 72.0000	120.0000	 10.9153	-286.3445	  1.0000
 84.0000	120.0000	 36.6168	-284.3943	  1.0000
 96.0000	120.0000	 44.1786	-262.0944	  1.0000
108.0000	120.0000	 40.2420	-268.9411	  1.0000
120.0000	120.0000	 31.8474	-273.9516	  1.0000
132.0000	120.0000	 27.8472	-276.5838	  1.0000
144.0000	120.0000	 15.2175	-275.5699	  1.0000
156.0000	120.0000	  7.5477	-275.5217	  1.0000
168.0000	120.0000	 -6.7663	-300.1973	  1.0000
180.0000	120.0000	  4.6200	-329.4051	  1.0000
192.0000	120.0000	 -8.7034	-323.9805	  1.0000
204.0000	120.0000	  0.2225	-313.2813	  1.0000
216.0000	120.0000	-10.5729	-312.3098	  1.0000
228.0000	120.0000	-13.7306	-297.5036	  1.0000
240.0000	120.0000	-15.4465	-294.4673	  1.0000
252.0000	120.0000	-17.7156	-281.0336	  1.0000
264.0000	120.0000	-14.8554	-242.9512	  1.0000
276.0000	120.0000	 -8.6251	-242.6175	  1.0000
288.0000	120.0000	 -1.9116	-242.1215	  1.0000
300.0000	120.0000	-14.5072	-221.4711	  1.0000
312.0000	120.0000	-11.1946	-225.0740	  1.0000
324.0000	120.0000	-18.9990	-272.7949	  1.0000
336.0000	120.0000	-22.4642	-276.8948	  1.0000
348.0000	120.0000	-34.2251	-280.4593	  1.0000
360.0000	120.0000	-33.1758	-284.3951	  1.0000
372.0000	120.0000	-19.7764	-286.0226	  1.0000
384.0000	120.0000	-34.9510	-253.1424	  1.0000
396.0000	120.0000	-43.1561	-254.5030	  1.0000
408.0000	120.0000	-54.2858	-280.4540	  1.0000
420.0000	120.0000	-48.0260	-287.9037	  1.0000
432.0000	120.0000	-45.3630	-278.9918	  1.0000
444.0000	120.0000	-21.9486	-270.1115	  1.0000
456.0000	120.0000	-20.1109	-269.0626	  1.0000
468.0000	120.0000	-14.8721	-281.1274	  1.0000
480.0000	120.0000	-17.7632	-272.4251	  1.0000
492.0000	120.0000	  1.8169	-234.6205	  1.0000
 12.0000	132.0000	-18.1025	-221.5581	  1.0000
 24.0000	132.0000	 11.9123	-278.5018	  1.0000
 36.0000	132.0000	  8.0235	-290.4972	  1.0000
 48.0000	132.0000	  1.3952	-287.7601	  1.0000
 60.0000	132.0000	  0.9623	-296.4014	  1.0000
 72.0000	132.0000	  3.5563	-297.8740	  1.0000
 84.0000	132.0000	  8.3698	-289.9492	  1.0000
 96.0000	132.0000	  2.8582	-290.1143	  1.0000
108.0000	132.0000	 10.5031	-283.7603	  1.0000
120.0000	132.0000	 31.1594	-266.4138	  1.0000
132.0000	132.0000	 16.7817	-284.0353	  1.0000
144.0000	132.0000	  5.2014	-286.2747	  1.0000
156.0000	132.0000	-14.3606	-288.3003	  1.0000
168.0000	132.0000	-42.2522	-315.0078	  1.0000
180.0000	132.0000	796.3210	915.2976	  1.0000
192.0000	132.0000	  0.4768	-306.0506	  1.0000
204.0000	132.0000	  1.5181	-305.6763	  1.0000
216.0000	132.0000	 -3.1628	-314.0425	  1.0000
228.0000	132.0000	 -5.2000	-304.4895	  1.0000
240.0000	132.0000	 -8.8550	-284.7824	  1.0000
252.0000	132.0000	 10.6376	-273.8118	  1.0000
264.0000	132.0000	 13.1174	-243.1412	  1.0000
276.0000	132.0000	 -2.2741	-237.0278	  1.0000
288.0000	132.0000	  2.6213	-236.2131	  1.0000
300.0000	132.0000	-10.3488	-230.1296	  1.0000
312.0000	132.0000	-24.2398	-228.9839	  1.0000
324.0000	132.0000	-23.0996	-250.1315	  1.0000
336.0000	132.0000	  7.5512	-269.5381	  1.0000
348.0000	132.0000	 -2.7126	-273.0242	  1.0000
360.0000	132.0000	-11.1762	-279.6318	  1.0000
372.0000	132.0000	-36.8688	-248.3925	  1.0000
384.0000	132.0000	-41.4413	-257.6532	  1.0000
396.0000	132.0000	-48.2097	-283.4309	  1.0000
408.0000	132.0000	-35.7027	-280.3677	  1.0000
420.0000	132.0000	-32.3519	-281.2397	  1.0000
432.0000	132.0000	-11.8283	-257.3242	  1.0000
444.0000	132.0000	-13.9124	-248.0563	  1.0000
456.0000	132.0000	-13.9751	-245.1554	  1.0000
468.0000	132.0000	-11.9835	-251.3198	  1.0000
480.0000	132.0000	-20.8450	-263.5199	  1.0000
492.0000	132.0000	-13.6934	-248.1683	  1.0000
 12.0000	144.0000	-41.2549	-237.5236	  1.0000
 24.0000	144.0000	  5.8596	-293.5675	  1.0000
 36.0000	144.0000	  8.2343	-292.5995	  1.0000
 48.0000	144.0000	 15.5595	-291.4222	  1.0000
 60.0000	144.0000	  9.0820	-297.0532	  1.0000
 72.0000	144.0000	  4.6040	-292.1142	  1.0000
 84.0000	144.0000	 24.6205	-262.2170	  1.0000
 96.0000	144.0000	 -0.7102	-284.7335	  1.0000
108.0000	144.0000	 -8.6679	-280.2657	  1.0000
120.0000	144.0000	 -7.9745	-251.5032	  1.0000
132.0000	144.0000	 20.0000	-281.7486	  1.0000
144.0000	144.0000	 -0.1452	-288.4259	  1.0000
156.0000	144.0000	-30.7104	-299.5994	  1.0000
168.0000	144.0000	-46.2865	-309.3183	  1.0000
180.0000	144.0000	-42.4100	-312.6031	  1.0000
192.0000	144.0000	-11.1484	-299.2735	  1.0000
204.0000	144.0000	 -6.7620	-298.7433	  1.0000
216.0000	144.0000	  0.9503	-302.7705	  1.0000
228.0000	144.0000	  7.3552	-295.7618	  1.0000
240.0000	144.0000	 13.7549	-278.7908	  1.0000
252.0000	144.0000	 18.1463	-268.2784	  1.0000
264.0000	144.0000	 13.9033	-238.9887	  1.0000
276.0000	144.0000	  3.4052	-229.8201	  1.0000
288.0000	144.0000	-13.4243	-235.9911	  1.0000
300.0000	144.0000	-30.6663	-235.7213	  1.0000
312.0000	144.0000	-41.2979	-236.2159	  1.0000
324.0000	144.0000	-44.5221	-238.6601	  1.0000
336.0000	144.0000	 -0.6664	-250.8929	  1.0000
348.0000	144.0000	  1.3962	-261.1919	  1.0000
360.0000	144.0000	-11.9949	-272.5931	  1.0000
372.0000	144.0000	-24.1648	-281.4427	  1.0000
384.0000	144.0000	-19.5803	-278.9509	  1.0000
396.0000	144.0000	-17.3572	-280.2899	  1.0000
408.0000	144.0000	-16.4307	-274.2954	  1.0000
420.0000	144.0000	 -8.2667	-267.9312	  1.0000
432.0000	144.0000	 -1.3989	-252.5892	  1.0000
444.0000	144.0000	 -3.0859	-241.9710	  1.0000
456.0000	144.0000	 -8.7914	-244.3029	  1.0000
468.0000	144.0000	-13.6790	-255.3765	  1.0000
480.0000	144.0000	-22.0601	-263.5465	  1.0000
492.0000	144.0000	 -8.7787	-254.2674	  1.0000
 12.0000	156.0000	-51.6399	-243.1100	  1.0000
 24.0000	156.0000	-48.4231	-238.4067	  1.0000
 36.0000	156.0000	-11.5216	-242.6025	  1.0000
 48.0000	156.0000	 -7.3818	-297.0996	  1.0000
 60.0000	156.0000	 -0.0708	-295.2031	  1.0000
 72.0000	156.0000	  1.9290	-283.8376	  1.0000
 84.0000	156.0000	  2.2311	-262.6923	  1.0000
 96.0000	156.0000	  5.0984	-264.0341	  1.0000
108.0000	156.0000	 -0.0539	-261.7790	  1.0000
120.0000	156.0000	 -0.8357	-257.5637	  1.0000
132.0000	156.0000	  3.4671	-256.1398	  1.0000
144.0000	156.0000	 -3.9667	-261.3642	  1.0000
156.0000	156.0000	-16.0376	-301.7998	  1.0000
168.0000	156.0000	-31.2422	-286.7610	  1.0000
180.0000	156.0000	-34.3618	-286.9939	  1.0000
192.0000	156.0000	-22.5348	-291.9277	  1.0000
204.0000	156.0000	-19.6287	-284.4096	  1.0000
216.0000	156.0000	 -4.3128	-286.0685	  1.0000
228.0000	156.0000	 11.4310	-292.6828	  1.0000
240.0000	156.0000	 14.3931	-285.1308	  1.0000
252.0000	156.0000	 26.5559	-269.8934	  1.0000
264.0000	156.0000	 18.8453	-247.5105	  1.0000
276.0000	156.0000	  8.9227	-233.3697	  1.0000
288.0000	156.0000	-19.0769	-240.9338	  1.0000
300.0000	156.0000	-31.9590	-242.6361	  1.0000
312.0000	156.0000	-35.4622	-242.1115	  1.0000
324.0000	156.0000	-48.3670	-236.1257	  1.0000
336.0000	156.0000	-47.4878	-239.7207	  1.0000
348.0000	156.0000	-46.6380	-249.1079	  1.0000
360.0000	156.0000	-35.6908	-258.8785	  1.0000
372.0000	156.0000	-22.9717	-264.5391	  1.0000
384.0000	156.0000	 -2.9614	-258.8688	  1.0000
396.0000	156.0000	  2.0828	-267.0492	  1.0000
408.0000	156.0000	 13.3607	-277.5859	  1.0000
420.0000	156.0000	  9.7106	-266.4804	  1.0000
432.0000	156.0000	  3.8648	-255.4053	  1.0000
444.0000	156.0000	 -0.6609	-242.3404	  1.0000
456.0000	156.0000	 -3.9562	-246.0261	  1.0000
468.0000	156.0000	 -1.1842	-254.4017	  1.0000
480.0000	156.0000	  4.8427	-253.8566	  1.0000
492.0000	156.0000	 27.8046	-246.4884	  1.0000
 12.0000	168.0000	-40.4067	-243.2343	  1.0000
 24.0000	168.0000	-50.9777	-231.7016	  1.0000
 36.0000	168.0000	-20.3430	-257.7206	  1.0000
 48.0000	168.0000	-22.8189	-301.0272	  1.0000
 60.0000	168.0000	-24.5818	-293.3984	  1.0000
 72.0000	168.0000	 23.0367	-260.1232	  1.0000
 84.0000	168.0000	  9.9394	-260.0340	  1.0000
 96.0000	168.0000	  1.6610	-255.4343	  1.0000
108.0000	168.0000	  1.8144	-248.8243	  1.0000
120.0000	168.0000	  0.2229	-266.1421	  1.0000
132.0000	168.0000	-20.4587	-275.1530	  1.0000
144.0000	168.0000	-22.5522	-292.7597	  1.0000
156.0000	168.0000	 -4.6148	-310.4947	  1.0000
168.0000	168.0000	293.2609	405.0291	  1.0000
180.0000	168.0000	  2.9374	-263.4402	  1.0000
192.0000	168.0000	  4.4638	-255.9086	  1.0000
204.0000	168.0000	-10.1981	-275.6688	  1.0000
216.0000	168.0000	 -6.6888	-292.1181	  1.0000
228.0000	168.0000	  7.8429	-292.9463	  1.0000
240.0000	168.0000	 14.3298	-284.4461	  1.0000
252.0000	168.0000	 25.9725	-265.1446	  1.0000
264.0000	168.0000	 17.4776	-246.7518	  1.0000
276.0000	168.0000	  0.4844	-237.5083	  1.0000
288.0000	168.0000	-36.8101	-246.0283	  1.0000
300.0000	168.0000	-36.2511	-241.2464	  1.0000
312.0000	168.0000	-34.6808	-238.6503	  1.0000
324.0000	168.0000	-39.4695	-233.4878	  1.0000
336.0000	168.0000	-38.0592	-231.4307	  1.0000
348.0000	168.0000	-42.9926	-233.5197	  1.0000
360.0000	168.0000	-37.6739	-230.3693	  1.0000
372.0000	168.0000	-23.3756	-235.9445	  1.0000
384.0000	168.0000	-27.1990	-249.5565	  1.0000
396.0000	168.0000	-29.9833	-247.8184	  1.0000
408.0000	168.0000	-24.5098	-260.7494	  1.0000
420.0000	168.0000	  1.0505	-262.2196	  1.0000
432.0000	168.0000	  1.9444	-253.0334	  1.0000
444.0000	168.0000	  1.3848	-243.4889	  1.0000
456.0000	168.0000	  5.0625	-244.0576	  1.0000
468.0000	168.0000	  7.2373	-249.9461	  1.0000
480.0000	168.0000	  8.6523	-250.4372	  1.0000
492.0000	168.0000	 23.1015	-237.0379	  1.0000
 12.0000	180.0000	-57.1784	-235.5706	  1.0000
 24.0000	180.0000	-31.2377	-249.6642	  1.0000
 36.0000	180.0000	-28.7205	-282.6554	  1.0000
 48.0000	180.0000	-19.1796	-273.0085	  1.0000
 60.0000	180.0000	 -2.8759	-261.7820	  1.0000
 72.0000	180.0000	 13.6085	-259.6036	  1.0000
 84.0000	180.0000	 19.3594	-255.8828	  1.0000
 96.0000	180.0000	 15.6567	-251.7213	  1.0000
108.0000	180.0000	  9.7661	-263.1251	  1.0000
120.0000	180.0000	  3.5892	-274.1546	  1.0000
132.0000	180.0000	-15.8252	-288.1686	  1.0000
144.0000	180.0000	-13.1343	-300.7506	  1.0000
156.0000	180.0000	  1.7610	-304.2036	  1.0000
168.0000	180.0000	  3.6062	-299.0452	  1.0000
180.0000	180.0000	  2.5011	-263.9842	  1.0000
192.0000	180.0000	  9.7332	-252.3961	  1.0000
204.0000	180.0000	 12.9507	-265.3886	  1.0000
216.0000	180.0000	 11.1428	-278.5777	  1.0000
228.0000	180.0000	 15.6891	-285.1153	  1.0000
240.0000	180.0000	 19.3070	-287.9193	  1.0000
252.0000	180.0000	 24.8803	-260.9443	  1.0000
264.0000	180.0000	 11.1744	-258.6612	  1.0000
276.0000	180.0000	-30.3233	-257.9726	  1.0000
288.0000	180.0000	-44.2342	-254.5693	  1.0000
300.0000	180.0000	-45.0134	-248.9976	  1.0000
312.0000	180.0000	-41.6195	-237.2971	  1.0000
324.0000	180.0000	-39.9117	-227.4387	  1.0000
336.0000	180.0000	-40.9399	-226.4853	  1.0000
348.0000	180.0000	-36.2290	-225.2644	  1.0000
360.0000	180.0000	-34.3669	-221.2246	  1.0000
372.0000	180.0000	-37.9217	-224.1643	  1.0000
384.0000	180.0000	-28.5853	-244.4840	  1.0000
396.0000	180.0000	-28.0581	-242.6326	  1.0000
408.0000	180.0000	-23.8587	-246.0671	  1.0000
420.0000	180.0000	-12.0746	-255.7188	  1.0000
432.0000	180.0000	 -3.2844	-254.3851	  1.0000
444.0000	180.0000	  3.3903	-245.5867	  1.0000
456.0000	180.0000	  4.1698	-243.2465	  1.0000
468.0000	180.0000	  4.9094	-240.6020	  1.0000
480.0000	180.0000	 -1.4045	-240.3269	  1.0000
492.0000	180.0000	  0.5800	-236.8076	  1.0000
 12.0000	192.0000	-55.6456	-227.4342	  1.0000
 24.0000	192.0000	-45.3046	-235.3125	  1.0000
 36.0000	192.0000	-34.3365	-254.0276	  1.0000
 48.0000	192.0000	-35.1531	-254.2117	  1.0000
 60.0000	192.0000	-46.0554	-258.7613	  1.0000
 72.0000	192.0000	-33.9816	-259.7998	  1.0000
 84.0000	192.0000	 -0.3856	-257.9796	  1.0000
 96.0000	192.0000	  2.9278	-262.1187	  1.0000
108.0000	192.0000	 -2.4565	-267.8118	  1.0000
120.0000	192.0000	 -4.2993	-270.7370	  1.0000
132.0000	192.0000	-24.4369	-281.2469	  1.0000
144.0000	192.0000	 -3.1996	-290.1835	  1.0000
156.0000	192.0000	  9.9019	-293.3123	  1.0000
168.0000	192.0000	  7.6699	-285.2110	  1.0000
180.0000	192.0000	 -4.4946	-273.1335	  1.0000
192.0000	192.0000	  5.1424	-268.8784	  1.0000
204.0000	192.0000	 18.0919	-279.2170	  1.0000
216.0000	192.0000	 14.7800	-293.4159	  1.0000
228.0000	192.0000	  0.2746	-287.4722	  1.0000
240.0000	192.0000	444.2204	447.2901	  1.0000
252.0000	192.0000	 12.8607	-276.7683	  1.0000
264.0000	192.0000	 -1.4798	-266.9676	  1.0000
276.0000	192.0000	-22.0427	-258.5347	  1.0000
288.0000	192.0000	-44.4270	-253.0448	  1.0000
300.0000	192.0000	-45.4246	-238.4405	  1.0000
312.0000	192.0000	-36.9035	-233.6594	  1.0000
324.0000	192.0000	-37.5036	-228.7152	  1.0000
336.0000	192.0000	-42.4157	-232.2946	  1.0000
348.0000	192.0000	-38.0195	-235.4530	  1.0000
360.0000	192.0000	-30.4104	-230.9259	  1.0000
372.0000	192.0000	-36.1644	-238.3846	  1.0000
384.0000	192.0000	-31.4217	-239.4840	  1.0000
396.0000	192.0000	-24.9339	-237.3815	  1.0000
408.0000	192.0000	-11.2613	-239.9054	  1.0000
420.0000	192.0000	 -6.4828	-247.9367	  1.0000
432.0000	192.0000	 -2.8167	-252.2238	  1.0000
444.0000	192.0000	  2.8845	-248.1700	  1.0000
456.0000	192.0000	 -0.0415	-250.6679	  1.0000
468.0000	192.0000	 -1.8245	-241.5954	  1.0000
480.0000	192.0000	 -3.8121	-243.0648	  1.0000
492.0000	192.0000	 -4.7030	-242.4403	  1.0000
 12.0000	204.0000	-48.5000	-227.0213	  1.0000
 24.0000	204.0000	-25.6099	-230.0293	  1.0000
 36.0000	204.0000	-15.5904	-241.7535	  1.0000
 48.0000	204.0000	-36.3807	-251.3146	  1.0000
 60.0000	204.0000	-53.7396	-260.6639	  1.0000
 72.0000	204.0000	-41.1766	-252.3679	  1.0000
 84.0000	204.0000	-34.1723	-239.8921	  1.0000
 96.0000	204.0000	-35.9766	-256.2872	  1.0000
108.0000	204.0000	-32.8411	-278.7538	  1.0000
120.0000	204.0000	-34.4299	-297.2481	  1.0000
132.0000	204.0000	-30.8698	-307.2196	  1.0000
144.0000	204.0000	 -4.5042	-290.0385	  1.0000
156.0000	204.0000	 -7.3194	-283.2108	  1.0000
168.0000	204.0000	 -5.8165	-279.0708	  1.0000
180.0000	204.0000	-10.8742	-269.3680	  1.0000
192.0000	204.0000	 -4.4830	-263.4380	  1.0000
204.0000	204.0000	  5.5994	-265.3843	  1.0000
216.0000	204.0000	 11.2452	-295.9709	  1.0000
228.0000	204.0000	 -2.0124	-283.1022	  1.0000
240.0000	204.0000	 -7.5957	-273.7741	  1.0000
252.0000	204.0000	 -8.1115	-273.9903	  1.0000
264.0000	204.0000	 -7.4126	-257.1689	  1.0000
276.0000	204.0000	 -7.5313	-248.8522	  1.0000
288.0000	204.0000	 -3.8898	-236.1192	  1.0000
300.0000	204.0000	-21.0270	-227.2295	  1.0000
312.0000	204.0000	-25.6802	-240.3408	  1.0000
324.0000	204.0000	-28.4243	-256.8016	  1.0000
336.0000	204.0000	-33.9062	-255.6812	  1.0000
348.0000	204.0000	-38.5578	-244.3930	  1.0000
360.0000	204.0000	-35.6498	-239.2774	  1.0000
372.0000	204.0000	-38.7001	-241.8905	  1.0000
384.0000	204.0000	-37.5520	-241.3015	  1.0000
396.0000	204.0000	-37.8392	-237.7139	  1.0000
408.0000	204.0000	 -8.4280	-243.8984	  1.0000
420.0000	204.0000	 -3.6834	-242.6252	  1.0000
432.0000	204.0000	 -0.4514	-245.2621	  1.0000
444.0000	204.0000	  5.3933	-250.9783	  1.0000
456.0000	204.0000	  8.9644	-251.5647	  1.0000
468.0000	204.0000	  3.7964	-240.1822	  1.0000
480.0000	204.0000	 -1.0993	-239.0695	  1.0000
492.0000	204.0000	 -7.8096	-233.6809	  1.0000
 12.0000	216.0000	 43.4465	-170.1136	  1.0000
 24.0000	216.0000	 -4.7667	-235.7615	  1.0000
 36.0000	216.0000	 -3.8815	-241.5436	  1.0000
 48.0000	216.0000	-10.3335	-244.1007	  1.0000
 60.0000	216.0000	-30.0184	-261.5435	  1.0000
 72.0000	216.0000	-32.9454	-253.7820	  1.0000
 84.0000	216.0000	-34.1165	-249.2819	  1.0000
 96.0000	216.0000	-35.6146	-261.6390	  1.0000
108.0000	216.0000	-36.0209	-279.2670	  1.0000
120.0000	216.0000	-25.3234	-310.5646	  1.0000
132.0000	216.0000	-17.8552	-308.9541	  1.0000
144.0000	216.0000	-20.2272	-276.9469	  1.0000
156.0000	216.0000	-21.7642	-268.1822	  1.0000
168.0000	216.0000	-18.9924	-279.6555	  1.0000
180.0000	216.0000	-14.4025	-270.2039	  1.0000
192.0000	216.0000	-11.3486	-246.0752	  1.0000
204.0000	216.0000	-10.0433	-257.4342	  1.0000
216.0000	216.0000	  8.3209	-269.1119	  1.0000
228.0000	216.0000	  9.3511	-273.0714	  1.0000
240.0000	216.0000	 -8.5039	-276.8869	  1.0000
252.0000	216.0000	  1.7867	-278.2827	  1.0000
264.0000	216.0000	-14.3843	-261.3573	  1.0000
276.0000	216.0000	 -9.0970	-232.9365	  1.0000
288.0000	216.0000	 -1.7660	-226.3043	  1.0000
300.0000	216.0000	 -4.9966	-233.5817	  1.0000
312.0000	216.0000	-14.2080	-247.9782	  1.0000
324.0000	216.0000	-23.7587	-258.7170	  1.0000
336.0000	216.0000	-37.9274	-269.4107	  1.0000
348.0000	216.0000	-40.1728	-262.6559	  1.0000
360.0000	216.0000	-35.1762	-251.8222	  1.0000
372.0000	216.0000	-40.2159	-252.0976	  1.0000
384.0000	216.0000	-45.4179	-260.3371	  1.0000
396.0000	216.0000	-45.9212	-252.0668	  1.0000
408.0000	216.0000	-34.7787	-244.8509	  1.0000
420.0000	216.0000	-16.5794	-239.9594	  1.0000
432.0000	216.0000	-10.0417	-242.2657	  1.0000
444.0000	216.0000	 -4.9908	-250.0259	  1.0000
456.0000	216.0000	  0.9123	-252.6477	  1.0000
468.0000	216.0000	 -9.8896	-252.7821	  1.0000
480.0000	216.0000	 -5.1937	-246.3735	  1.0000
492.0000	216.0000	 -2.8945	-245.0301	  1.0000
 12.0000	228.0000	 60.4215	-208.0181	  1.0000
 24.0000	228.0000	 59.3205	-214.6569	  1.0000
 36.0000	228.0000	  1.4046	-241.9225	  1.0000
 48.0000	228.0000	  1.3306	-258.2721	  1.0000
 60.0000	228.0000	 -3.9863	-277.7893	  1.0000
 72.0000	228.0000	-23.9500	-264.4329	  1.0000
 84.0000	228.0000	-30.9128	-259.7331	  1.0000
 96.0000	228.0000	-31.3556	-256.7968	  1.0000
108.0000	228.0000	-27.7872	-257.3696	  1.0000
120.0000	228.0000	-15.9490	-314.6905	  1.0000
132.0000	228.0000	 -9.4922	-305.3378	  1.0000
144.0000	228.0000	-20.4773	-239.5662	  1.0000
156.0000	228.0000	-24.0199	-239.3921	  1.0000
168.0000	228.0000	-14.0116	-272.8568	  1.0000
180.0000	228.0000	 -2.8985	-279.2182	  1.0000
192.0000	228.0000	-10.4516	-250.7908	  1.0000
204.0000	228.0000	 -7.4091	-254.0710	  1.0000
216.0000	228.0000	 -0.5970	-252.3666	  1.0000
228.0000	228.0000	  9.7680	-270.4408	  1.0000
240.0000	228.0000	  1.2480	-293.1915	  1.0000
252.0000	228.0000	 -0.2392	-290.5994	  1.0000
264.0000	228.0000	 -3.1874	-265.0466	  1.0000
276.0000	228.0000	 27.3928	-211.9364	  1.0000
288.0000	228.0000	 17.8363	-219.7558	  1.0000
300.0000	228.0000	 18.9143	-231.1008	  1.0000
312.0000	228.0000	  4.9276	-244.0120	  1.0000
324.0000	228.0000	 -6.9715	-252.5785	  1.0000
336.0000	228.0000	 -8.4433	-252.9822	  1.0000
348.0000	228.0000	-30.5949	-257.6698	  1.0000
360.0000	228.0000	-29.7792	-247.4974	  1.0000
372.0000	228.0000	-29.0972	-251.4320	  1.0000
384.0000	228.0000	-36.1598	-260.2119	  1.0000
396.0000	228.0000	-36.1458	-256.2242	  1.0000
408.0000	228.0000	-30.4087	-245.7470	  1.0000
420.0000	228.0000	-24.5673	-251.0744	  1.0000
432.0000	228.0000	-17.2611	-262.9461	  1.0000
444.0000	228.0000	-23.0684	-265.2053	  1.0000
456.0000	228.0000	-21.1090	-264.7096	  1.0000
468.0000	228.0000	-19.6569	-267.8722	  1.0000
480.0000	228.0000	-17.0710	-222.9442	  1.0000
492.0000	228.0000	 -9.0754	-220.3586	  1.0000
 12.0000	240.0000	 64.9820	-217.5148	  1.0000
 24.0000	240.0000	 27.8472	-227.7445	  1.0000
 36.0000	240.0000	  0.2655	-249.1767	  1.0000
 48.0000	240.0000	-10.3939	-253.1280	  1.0000
 60.0000	240.0000	  3.5594	-269.6772	  1.0000
 72.0000	240.0000	-13.5142	-281.1161	  1.0000
 84.0000	240.0000	-39.7321	-270.1708	  1.0000
 96.0000	240.0000	-41.2112	-247.7039	  1.0000
108.0000	240.0000	-24.0061	-167.1396	  1.0000
120.0000	240.0000	-38.2896	-289.4383	  1.0000
132.0000	240.0000	-11.6004	-260.0179	  1.0000
144.0000	240.0000	  8.9639	-222.3181	  1.0000
156.0000	240.0000	 11.4588	-219.7102	  1.0000
168.0000	240.0000	 20.2290	-261.3011	  1.0000
180.0000	240.0000	 29.4689	-280.8332	  1.0000
192.0000	240.0000	 12.9796	-265.4551	  1.0000
204.0000	240.0000	  4.6060	-256.7873	  1.0000
216.0000	240.0000	  1.9726	-245.6177	  1.0000
228.0000	240.0000	 30.8687	-244.4495	  1.0000
240.0000	240.0000	  8.1204	-273.5187	  1.0000
252.0000	240.0000	 -2.0847	-273.6741	  1.0000
264.0000	240.0000	 10.9960	-216.8641	  1.0000
276.0000	240.0000	 14.5853	-211.8951	  1.0000
288.0000	240.0000	 13.0926	-211.6574	  1.0000
300.0000	240.0000	 27.7217	-209.3291	  1.0000
312.0000	240.0000	 12.2575	-249.1587	  1.0000
324.0000	240.0000	  2.9828	-252.1599	  1.0000
336.0000	240.0000	  4.3278	-255.5924	  1.0000
348.0000	240.0000	  0.1643	-256.8295	  1.0000
360.0000	240.0000	-12.4840	-247.1030	  1.0000
372.0000	240.0000	-15.5215	-245.5746	  1.0000
384.0000	240.0000	-16.8071	-244.3117	  1.0000
396.0000	240.0000	-11.4856	-249.8072	  1.0000
408.0000	240.0000	-20.0018	-250.6367	  1.0000
420.0000	240.0000	-15.9578	-256.6329	  1.0000
432.0000	240.0000	-17.3443	-270.7316	  1.0000
444.0000	240.0000	 -9.0159	-264.3181	  1.0000
456.0000	240.0000	 -7.0807	-262.6683	  1.0000
468.0000	240.0000	 -4.8334	-269.2088	  1.0000
480.0000	240.0000	 -1.7834	-205.3900	  1.0000
492.0000	240.0000	 -3.5605	-214.2072	  1.0000
 12.0000	252.0000	 65.0734	-258.6154	  1.0000
 24.0000	252.0000	 51.9272	-255.1565	  1.0000
 36.0000	252.0000	  4.8613	-265.8787	  1.0000
 48.0000	252.0000	-13.7062	-261.3411	  1.0000
 60.0000	252.0000	-13.3514	-276.4180	  1.0000
 72.0000	252.0000	-17.9622	-286.0991	  1.0000
 84.0000	252.0000	-39.3322	-283.1875	  1.0000
 96.0000	252.0000	-19.9296	-259.3020	  1.0000
108.0000	252.0000	 -9.3762	-250.4020	  1.0000
120.0000	252.0000	  9.4347	-257.3163	  1.0000
132.0000	252.0000	 24.6634	-258.0335	  1.0000
144.0000	252.0000	 36.7067	-214.2180	  1.0000
156.0000	252.0000	 40.3387	-222.4592	  1.0000
168.0000	252.0000	 37.9285	-253.1324	  1.0000
180.0000	252.0000	 37.7051	-269.5711	  1.0000
192.0000	252.0000	 39.8648	-288.1487	  1.0000
204.0000	252.0000	 11.6847	-250.4782	  1.0000
216.0000	252.0000	  4.1565	-241.0206	  1.0000
228.0000	252.0000	  8.2138	-250.2667	  1.0000
240.0000	252.0000	 -6.5096	-255.3012	  1.0000
252.0000	252.0000	 -8.1694	-250.9629	  1.0000
264.0000	252.0000	-19.6899	-204.4734	  1.0000
276.0000	252.0000	-25.8480	-198.8299	  1.0000
288.0000	252.0000	-31.1896	-200.9284	  1.0000
300.0000	252.0000	-35.6970	-223.5470	  1.0000
312.0000	252.0000	-28.3835	-236.4747	  1.0000
324.0000	252.0000	 -0.2531	-256.5409	  1.0000
336.0000	252.0000	  2.8649	-262.7001	  1.0000
348.0000	252.0000	-10.6560	-262.6805	  1.0000
360.0000	252.0000	-26.5853	-254.7535	  1.0000
372.0000	252.0000	-10.6999	-245.2282	  1.0000
384.0000	252.0000	 -1.9404	-242.6243	  1.0000
396.0000	252.0000	  1.7897	-250.2331	  1.0000
408.0000	252.0000	 -8.5224	-255.2670	  1.0000
420.0000	252.0000	 -7.8547	-258.2515	  1.0000
432.0000	252.0000	 -4.3491	-257.8712	  1.0000
444.0000	252.0000	  2.6229	-251.1912	  1.0000
456.0000	252.0000	  0.0581	-261.7217	  1.0000
468.0000	252.0000	 -6.1213	-268.3549	  1.0000
480.0000	252.0000	  0.0165	-226.7523	  1.0000
492.0000	252.0000	-25.2810	-245.0699	  1.0000
 12.0000	264.0000	 54.5197	-267.7333	  1.0000
 24.0000	264.0000	 59.7012	-268.8046	  1.0000
 36.0000	264.0000	 55.3821	-271.6602	  1.0000
 48.0000	264.0000	 16.0483	-287.2856	  1.0000
 60.0000	264.0000	 11.6043	-265.7497	  1.0000
 72.0000	264.0000	 20.3308	-274.3043	  1.0000
 84.0000	264.0000	 21.3565	-273.2692	  1.0000
 96.0000	264.0000	 48.5353	-241.3956	  1.0000
108.0000	264.0000	 54.2241	-239.1667	  1.0000
120.0000	264.0000	 59.0540	-244.6278	  1.0000
132.0000	264.0000	 61.0742	-245.4039	  1.0000
144.0000	264.0000	 54.4583	-229.3984	  1.0000
156.0000	264.0000	 34.1223	-231.0967	  1.0000
168.0000	264.0000	  9.4412	-254.4163	  1.0000
180.0000	264.0000	  8.7724	-258.3959	  1.0000
192.0000	264.0000	 10.0222	-258.5364	  1.0000
204.0000	264.0000	720.0896	664.6399	  1.0000
216.0000	264.0000	 11.9614	-266.0987	  1.0000
228.0000	264.0000	-14.0278	-271.3920	  1.0000
240.0000	264.0000	-15.5248	-254.1977	  1.0000
252.0000	264.0000	-26.7450	-240.1753	  1.0000
264.0000	264.0000	-46.0352	-227.1613	  1.0000
276.0000	264.0000	-26.6953	-224.0238	  1.0000
288.0000	264.0000	-37.8554	-229.9306	  1.0000
300.0000	264.0000	-34.8704	-229.4047	  1.0000
312.0000	264.0000	-28.4055	-218.7841	  1.0000
324.0000	264.0000	-29.2613	-226.7204	  1.0000
336.0000	264.0000	-232.9275	362.2553	  1.0000
348.0000	264.0000	-41.2205	-261.7463	  1.0000
360.0000	264.0000	-46.1197	-251.2905	  1.0000
372.0000	264.0000	-30.1036	-260.6618	  1.0000
384.0000	264.0000	-18.2118	-255.5263	  1.0000
396.0000	264.0000	-348.0858	-104.2311	  1.0000
408.0000	264.0000	 -2.8024	-251.5981	  1.0000
420.0000	264.0000	  0.2779	-248.7810	  1.0000
432.0000	264.0000	  5.1179	-244.7920	  1.0000
444.0000	264.0000	  7.5940	-243.6827	  1.0000
456.0000	264.0000	  1.2146	-250.6688	  1.0000
468.0000	264.0000	 -7.7721	-250.3834	  1.0000
480.0000	264.0000	 -6.8724	-234.5825	  1.0000
492.0000	264.0000	-16.7593	-245.7250	  1.0000
 12.0000	276.0000	 48.8877	-262.2582	  1.0000
 24.0000	276.0000	 46.8884	-258.4256	  1.0000
 36.0000	276.0000	 33.8430	-260.3412	  1.0000
 48.0000	276.0000	 30.5719	-272.0349	  1.0000
 60.0000	276.0000	 38.6594	-270.3942	  1.0000
 72.0000	276.0000	 43.2127	-259.5758	  1.0000
 84.0000	276.0000	 37.9479	-241.4601	  1.0000
 96.0000	276.0000	 31.9187	-222.8131	  1.0000
108.0000	276.0000	 21.6539	-238.5324	  1.0000
120.0000	276.0000	 41.7480	-223.8895	  1.0000
132.0000	276.0000	 22.5499	-231.3465	  1.0000
144.0000	276.0000	 41.6359	-238.8473	  1.0000
156.0000	276.0000	 31.9953	-231.9700	  1.0000
168.0000	276.0000	  5.7792	-245.5356	  1.0000
180.0000	276.0000	  0.1975	-254.0057	  1.0000
192.0000	276.0000	 -5.3029	-253.4948	  1.0000
204.0000	276.0000	-20.5689	-246.8076	  1.0000
216.0000	276.0000	-22.4302	-256.2748	  1.0000
228.0000	276.0000	-15.9736	-263.2773	  1.0000
240.0000	276.0000	-26.6528	-253.3519	  1.0000
252.0000	276.0000	-34.0165	-242.6835	  1.0000
264.0000	276.0000	-30.2386	-238.8772	  1.0000
276.0000	276.0000	-17.5534	-232.5956	  1.0000
288.0000	276.0000	-17.3680	-231.5482	  1.0000
300.0000	276.0000	-19.4405	-233.7200	  1.0000
312.0000	276.0000	-21.2671	-228.5099	  1.0000
324.0000	276.0000	-24.0803	-251.9006	  1.0000
336.0000	276.0000	-20.6268	-256.7421	  1.0000
348.0000	276.0000	-11.1192	-246.7961	  1.0000
360.0000	276.0000	-20.5477	-227.2447	  1.0000
372.0000	276.0000	-13.5280	-240.5777	  1.0000
384.0000	276.0000	-15.5692	-247.5014	  1.0000
396.0000	276.0000	-30.7191	-253.9070	  1.0000
408.0000	276.0000	-20.9214	-252.4347	  1.0000
420.0000	276.0000	 -8.2869	-240.7612	  1.0000
432.0000	276.0000	 -4.3182	-242.8695	  1.0000
444.0000	276.0000	 -7.7409	-242.4641	  1.0000
456.0000	276.0000	-10.5390	-243.8567	  1.0000
468.0000	276.0000	 -2.0972	-241.7260	  1.0000
480.0000	276.0000	 -0.4022	-240.2017	  1.0000
492.0000	276.0000	 -6.4415	-245.5707	  1.0000
 12.0000	288.0000	 78.7027	-242.7136	  1.0000
 24.0000	288.0000	 57.8284	-266.0966	  1.0000
 36.0000	288.0000	 36.4088	-265.1127	  1.0000
 48.0000	288.0000	 26.8141	-257.7570	  1.0000
 60.0000	288.0000	 35.5680	-258.4137	  1.0000
 72.0000	288.0000	 27.4726	-253.3599	  1.0000
 84.0000	288.0000	 19.9715	-251.8685	  1.0000
 96.0000	288.0000	 42.0997	-217.4147	  1.0000
108.0000	288.0000	 12.8369	-241.7579	  1.0000
120.0000	288.0000	  2.9884	-235.2950	  1.0000
132.0000	288.0000	 10.7302	-231.0821	  1.0000
144.0000	288.0000	 26.8740	-240.1166	  1.0000
156.0000	288.0000	 24.7243	-250.7797	  1.0000
168.0000	288.0000	 19.2445	-252.0158	  1.0000
180.0000	288.0000	  8.0756	-269.7279	  1.0000
192.0000	288.0000	  1.7326	-281.4718	  1.0000
204.0000	288.0000	-23.1180	-241.3307	  1.0000
216.0000	288.0000	-11.4118	-224.4978	  1.0000
228.0000	288.0000	 -2.3478	-234.0969	  1.0000
240.0000	288.0000	-18.5935	-260.0344	  1.0000
252.0000	288.0000	-24.0387	-250.9454	  1.0000
264.0000	288.0000	-22.8732	-246.1805	  1.0000
276.0000	288.0000	-16.5388	-245.0502	  1.0000
288.0000	288.0000	-12.9348	-239.4399	  1.0000
300.0000	288.0000	-21.5127	-249.7383	  1.0000
312.0000	288.0000	-21.1578	-247.3295	  1.0000
324.0000	288.0000	-12.9432	-243.5139	  1.0000
336.0000	288.0000	-12.8758	-248.2638	  1.0000
348.0000	288.0000	-10.0218	-250.8094	  1.0000
360.0000	288.0000	-14.0474	-240.7295	  1.0000
372.0000	288.0000	-20.5801	-239.9295	  1.0000
384.0000	288.0000	-15.6184	-251.5433	  1.0000
396.0000	288.0000	-14.0215	-250.6372	  1.0000
408.0000	288.0000	 -5.9758	-242.6019	  1.0000
420.0000	288.0000	 -5.5258	-239.2779	  1.0000
432.0000	288.0000	-10.9912	-242.3044	  1.0000
444.0000	288.0000	-16.9017	-235.8248	  1.0000
456.0000	288.0000	 -9.8792	-233.1818	  1.0000
468.0000	288.0000	 -3.3053	-235.0051	  1.0000
480.0000	288.0000	  0.4541	-236.5061	  1.0000
492.0000	288.0000	 -0.8924	-247.6523	  1.0000
 12.0000	300.0000	 68.1597	-244.3289	  1.0000
 24.0000	300.0000	 81.5362	-251.7582	  1.0000
 36.0000	300.0000	 35.4624	-262.2699	  1.0000
 48.0000	300.0000	 40.2137	-258.9691	  1.0000
 60.0000	300.0000	 27.0551	-264.2614	  1.0000
 72.0000	300.0000	  8.6697	-257.2708	  1.0000
 84.0000	300.0000	  9.6905	-246.9448	  1.0000
 96.0000	300.0000	 38.0716	-230.4686	  1.0000
108.0000	300.0000	 19.2081	-236.4061	  1.0000
120.0000	300.0000	  3.2735	-241.9689	  1.0000
132.0000	300.0000	 -1.6668	-242.7464	  1.0000
144.0000	300.0000	  2.5825	-233.2260	  1.0000
156.0000	300.0000	  5.9582	-229.0699	  1.0000
168.0000	300.0000	 19.7257	-221.8988	  1.0000
180.0000	300.0000	  5.4861	-223.3090	  1.0000
192.0000	300.0000	  7.9793	-248.9194	  1.0000
204.0000	300.0000	 12.2042	-247.6934	  1.0000
216.0000	300.0000	  8.6814	-225.2923	  1.0000
228.0000	300.0000	  5.0259	-237.9636	  1.0000
240.0000	300.0000	  2.5105	-268.2646	  1.0000
252.0000	300.0000	-19.0584	-255.7076	  1.0000
264.0000	300.0000	 -9.5129	-249.8096	  1.0000
276.0000	300.0000	 -0.6264	-255.1528	  1.0000
288.0000	300.0000	 -0.1599	-262.1098	  1.0000
300.0000	300.0000	 -8.6798	-243.2896	  1.0000
312.0000	300.0000	-16.3338	-242.5753	  1.0000
324.0000	300.0000	-15.4381	-233.3974	  1.0000
336.0000	300.0000	-21.1596	-237.6175	  1.0000
348.0000	300.0000	-22.7043	-254.4897	  1.0000
360.0000	300.0000	-18.7175	-264.8381	  1.0000
372.0000	300.0000	-19.1934	-255.2848	  1.0000
384.0000	300.0000	-17.6757	-250.8253	  1.0000
396.0000	300.0000	-13.5541	-247.1619	  1.0000
408.0000	300.0000	-12.9245	-244.8680	  1.0000
420.0000	300.0000	-12.5911	-244.6791	  1.0000
432.0000	300.0000	-11.5072	-244.4430	  1.0000
444.0000	300.0000	  0.8300	-228.8222	  1.0000
456.0000	300.0000	  9.1554	-226.2436	  1.0000
468.0000	300.0000	 10.4283	-228.8855	  1.0000
480.0000	300.0000	  5.4518	-225.6077	  1.0000
492.0000	300.0000	 -5.4759	-243.9917	  1.0000
 12.0000	312.0000	 79.9565	-243.7150	  1.0000
 24.0000	312.0000	 42.0450	-280.8005	  1.0000
 36.0000	312.0000	 35.6403	-282.9417	  1.0000
 48.0000	312.0000	 39.5375	-257.3102	  1.0000
 60.0000	312.0000	 49.9736	-243.9083	  1.0000
 72.0000	312.0000	 67.0152	-237.5745	  1.0000
 84.0000	312.0000	 56.5881	-250.7681	  1.0000
 96.0000	312.0000	 35.4384	-246.7260	  1.0000
108.0000	312.0000	  5.7260	-244.2183	  1.0000
120.0000	312.0000	 -5.3921	-251.3571	  1.0000
132.0000	312.0000	 -4.9668	-249.3146	  1.0000
144.0000	312.0000	  0.2678	-235.1775	  1.0000
156.0000	312.0000	  5.2769	-237.0508	  1.0000
168.0000	312.0000	  3.3059	-228.8538	  1.0000
180.0000	312.0000	 -0.7522	-227.0028	  1.0000
192.0000	312.0000	  3.8712	-241.4414	  1.0000
204.0000	312.0000	  3.5668	-238.6850	  1.0000
216.0000	312.0000	 -3.9771	-204.0341	  1.0000
228.0000	312.0000	  2.9474	-213.2145	  1.0000
240.0000	312.0000	-585.9276	904.8355	  1.0000
252.0000	312.0000	 13.6586	-237.7905	  1.0000
264.0000	312.0000	 20.3297	-239.0255	  1.0000
276.0000	312.0000	 12.2193	-248.1092	  1.0000
288.0000	312.0000	  3.8967	-252.0792	  1.0000
300.0000	312.0000	-10.7017	-230.9082	  1.0000
312.0000	312.0000	-20.8281	-231.6678	  1.0000
324.0000	312.0000	-16.6048	-236.6706	  1.0000
336.0000	312.0000	-18.2725	-237.2768	  1.0000
348.0000	312.0000	-28.8233	-258.4498	  1.0000
360.0000	312.0000	-24.5478	-266.2626	  1.0000
372.0000	312.0000	-32.6373	-257.8365	  1.0000
384.0000	312.0000	-35.9636	-250.7412	  1.0000
396.0000	312.0000	-31.0164	-246.6848	  1.0000
408.0000	312.0000	-33.8835	-250.8470	  1.0000
420.0000	312.0000	-24.9439	-237.9739	  1.0000
432.0000	312.0000	 -8.4562	-225.7683	  1.0000
444.0000	312.0000	  2.8314	-225.7198	  1.0000
456.0000	312.0000	 17.0684	-234.2761	  1.0000
468.0000	312.0000	 21.2488	-240.7909	  1.0000
480.0000	312.0000	 29.5488	-242.4279	  1.0000
492.0000	312.0000	 24.4547	-240.9155	  1.0000
 12.0000	324.0000	 75.9475	-253.6856	  1.0000
 24.0000	324.0000	 36.1984	-279.4269	  1.0000
 36.0000	324.0000	 34.0334	-283.6088	  1.0000
 48.0000	324.0000	 26.4714	-252.5256	  1.0000
 60.0000	324.0000	 23.5124	-240.4001	  1.0000
 72.0000	324.0000	 41.5465	-231.9553	  1.0000
 84.0000	324.0000	 48.2264	-254.0373	  1.0000
 96.0000	324.0000	 29.4137	-256.4064	  1.0000
108.0000	324.0000	 11.1299	-256.2495	  1.0000
120.0000	324.0000	 -4.4366	-251.7200	  1.0000
132.0000	324.0000	 -9.9686	-251.1916	  1.0000
144.0000	324.0000	 -0.5520	-241.5844	  1.0000
156.0000	324.0000	 -2.4025	-239.9138	  1.0000
168.0000	324.0000	  6.4312	-223.6759	  1.0000
180.0000	324.0000	  9.1941	-219.9433	  1.0000
192.0000	324.0000	  2.9725	-225.7628	  1.0000
204.0000	324.0000	 21.0219	-233.3801	  1.0000
216.0000	324.0000	 10.4501	-224.6261	  1.0000
228.0000	324.0000	  0.5910	-234.0976	  1.0000
240.0000	324.0000	-12.6801	-240.9820	  1.0000
252.0000	324.0000	 11.2472	-230.2704	  1.0000
264.0000	324.0000	 16.9641	-237.1432	  1.0000
276.0000	324.0000	 10.8528	-237.8494	  1.0000
288.0000	324.0000	  1.3262	-241.9446	  1.0000
300.0000	324.0000	-26.8270	-241.2182	  1.0000
312.0000	324.0000	-31.6826	-241.8404	  1.0000
324.0000	324.0000	-18.3960	-238.5888	  1.0000
336.0000	324.0000	-16.7777	-246.3582	  1.0000
348.0000	324.0000	-22.6676	-258.8821	  1.0000
360.0000	324.0000	-17.1519	-253.2671	  1.0000
372.0000	324.0000	-14.2822	-253.9621	  1.0000
384.0000	324.0000	-14.1347	-261.4424	  1.0000
396.0000	324.0000	-20.3473	-264.5856	  1.0000
408.0000	324.0000	-21.9239	-252.1150	  1.0000
420.0000	324.0000	-11.7421	-246.3890	  1.0000
432.0000	324.0000	 -7.2996	-243.5613	  1.0000
444.0000	324.0000	 -1.2122	-240.2636	  1.0000
456.0000	324.0000	 12.3469	-249.6517	  1.0000
468.0000	324.0000	 16.1614	-255.5070	  1.0000
480.0000	324.0000	 36.5877	-252.2501	  1.0000
492.0000	324.0000	 37.1777	-253.8069	  1.0000
 12.0000	336.0000	 51.8149	-264.8934	  1.0000
 24.0000	336.0000	 41.0311	-286.3922	  1.0000
 36.0000	336.0000	 36.8729	-278.7057	  1.0000
 48.0000	336.0000	 11.8740	-249.6471	  1.0000
 60.0000	336.0000	 -3.2493	-232.0174	  1.0000
 72.0000	336.0000	-15.9370	489.0975	  1.0000
 84.0000	336.0000	 43.7999	-270.7421	  1.0000
 96.0000	336.0000	 20.0255	-291.5251	  1.0000
108.0000	336.0000	  9.6096	-251.7530	  1.0000
120.0000	336.0000	  2.1368	-242.6563	  1.0000
132.0000	336.0000	  1.9586	-266.4642	  1.0000
144.0000	336.0000	 -0.6181	-253.5191	  1.0000
156.0000	336.0000	 -3.0831	-237.6089	  1.0000
168.0000	336.0000	 -0.9174	-225.4332	  1.0000
180.0000	336.0000	  8.0944	-208.4546	  1.0000
192.0000	336.0000	 23.8647	-221.8211	  1.0000
204.0000	336.0000	 34.1532	-234.5447	  1.0000
216.0000	336.0000	 30.3548	-237.2828	  1.0000
228.0000	336.0000	 24.6019	-234.0762	  1.0000
240.0000	336.0000	 -5.9281	-227.5753	  1.0000
252.0000	336.0000	 -0.2534	-226.6382	  1.0000
264.0000	336.0000	  3.7261	-240.2484	  1.0000
276.0000	336.0000	 -2.1045	-245.6290	  1.0000
288.0000	336.0000	-15.8008	-232.1123	  1.0000
300.0000	336.0000	-21.7157	-237.7162	  1.0000
312.0000	336.0000	-27.0186	-246.1126	  1.0000
324.0000	336.0000	-15.0664	-241.3003	  1.0000
336.0000	336.0000	-14.8101	-244.7100	  1.0000
348.0000	336.0000	-24.6054	-257.6928	  1.0000
360.0000	336.0000	-21.5177	-252.3374	  1.0000
372.0000	336.0000	-12.4399	-247.7652	  1.0000
384.0000	336.0000	-16.4848	-265.5023	  1.0000
396.0000	336.0000	-19.7435	-270.7793	  1.0000
408.0000	336.0000	 -8.8402	-263.3593	  1.0000
420.0000	336.0000	 -4.7679	-262.0060	  1.0000
432.0000	336.0000	 -8.3501	-263.0048	  1.0000
444.0000	336.0000	 -4.9667	-257.1309	  1.0000
456.0000	336.0000	  4.4031	-258.5238	  1.0000
468.0000	336.0000	 13.8941	-259.3874	  1.0000
480.0000	336.0000	 28.3194	-269.8573	  1.0000
492.0000	336.0000	 36.8493	-265.9461	  1.0000
 12.0000	348.0000	 42.6314	-254.2725	  1.0000
 24.0000	348.0000	 23.3048	-288.0235	  1.0000
 36.0000	348.0000	 21.4625	-272.8851	  1.0000
 48.0000	348.0000	 -3.3038	-248.3275	  1.0000
 60.0000	348.0000	-14.1714	-218.2830	  1.0000
 72.0000	348.0000	-15.8847	-215.5006	  1.0000
 84.0000	348.0000	-247.6252	964.1869	  1.0000
 96.0000	348.0000	  8.9808	-284.5591	  1.0000
108.0000	348.0000	 16.3369	-264.2227	  1.0000
120.0000	348.0000	 11.4661	-242.4252	  1.0000
132.0000	348.0000	  8.6838	-266.6047	  1.0000
144.0000	348.0000	  5.6783	-259.7510	  1.0000
156.0000	348.0000	  5.1698	-243.4771	  1.0000
168.0000	348.0000	  0.3757	-231.8029	  1.0000
180.0000	348.0000	  3.7957	-214.7826	  1.0000
192.0000	348.0000	  2.5854	-204.2419	  1.0000
204.0000	348.0000	 22.2295	-234.9108	  1.0000
216.0000	348.0000	 31.6208	-243.7995	  1.0000
228.0000	348.0000	 32.3020	-244.3968	  1.0000
240.0000	348.0000	  0.1147	-227.7923	  1.0000
252.0000	348.0000	 -5.1273	-227.2692	  1.0000
264.0000	348.0000	-10.4177	-244.3664	  1.0000
276.0000	348.0000	-18.3861	-255.0194	  1.0000
288.0000	348.0000	-18.5972	-244.1759	  1.0000
300.0000	348.0000	-16.3464	-244.0505	  1.0000
312.0000	348.0000	-13.5717	-251.9810	  1.0000
324.0000	348.0000	 -9.8114	-254.2548	  1.0000
336.0000	348.0000	-12.1553	-254.1828	  1.0000
348.0000	348.0000	-23.3448	-261.1050	  1.0000
360.0000	348.0000	-16.3472	-256.9211	  1.0000
372.0000	348.0000	-11.3496	-257.1742	  1.0000
384.0000	348.0000	 -9.9086	-272.7758	  1.0000
396.0000	348.0000	-11.9423	-269.6061	  1.0000
408.0000	348.0000	 -9.7017	-264.0184	  1.0000
420.0000	348.0000	 -2.8141	-262.4863	  1.0000
432.0000	348.0000	 -5.2010	-260.8162	  1.0000
444.0000	348.0000	 -7.7829	-260.3303	  1.0000
456.0000	348.0000	 -1.0469	-262.4618	  1.0000
468.0000	348.0000	  5.3667	-255.1346	  1.0000
480.0000	348.0000	  6.2339	-254.4963	  1.0000
492.0000	348.0000	  6.6536	-259.1446	  1.0000
